103970 Q0 3685587 2
103970 Q0 6220308 2
103970 Q0 4351405 3
103970 Q0 2331565 1
103970 Q0 6531201 0
103970 Q0 7352246 2
103970 Q0 5770072 2
103970 Q0 1776040 0
103970 Q0 7164603 0
103970 Q0 6096865 0
103970 Q0 7352247 0
103970 Q0 866592 0
103970 Q0 7352245 3
103970 Q0 2331563 2
103970 Q0 5556177 0
103970 Q0 2864999 0
103970 Q0 3525572 0
103970 Q0 2331564 3
103970 Q0 5770073 0
103970 Q0 2258925 0
103970 Q0 7352244 0
103970 Q0 387612 2
103970 Q0 6013339 0
103970 Q0 8239300 0
103970 Q0 5867980 0
103970 Q0 2358212 0
103970 Q0 866593 3
103970 Q0 6291517 0
103970 Q0 2493170 0
103970 Q0 3896972 0
103970 Q0 866586 2
103970 Q0 5770075 2
103970 Q0 3599481 0
103970 Q0 3565713 0
103970 Q0 2331566 2
103970 Q0 2734485 0
103970 Q0 8291467 0
102043 Q0 7713773 0
102043 Q0 591680 2
102043 Q0 2516314 0
102043 Q0 7403206 1
102043 Q0 4892560 2
102043 Q0 6495781 0
102043 Q0 5451107 2
102043 Q0 7146526 0
102043 Q0 4892567 2
102043 Q0 7822087 2
102043 Q0 4342576 2
102043 Q0 2344957 0
102043 Q0 8045556 0
102043 Q0 591681 2
102043 Q0 6914036 0
102043 Q0 3916124 0
102043 Q0 4218445 0
102043 Q0 2857028 0
102043 Q0 7689813 0
102043 Q0 4849680 0
102043 Q0 7403213 3
102043 Q0 4892568 2
102043 Q0 5328109 0
102043 Q0 130188 0
102043 Q0 4892569 2
102043 Q0 5505367 0
102043 Q0 2004034 0
102043 Q0 5881717 0
102043 Q0 5422630 0
102043 Q0 7097509 0
102043 Q0 591677 3
102043 Q0 4017863 0
102043 Q0 7307212 2
102043 Q0 355680 0
102043 Q0 1835671 0
102043 Q0 2488812 0
102043 Q0 3417793 0
102043 Q0 8343584 0
102043 Q0 5403935 0
102043 Q0 6367796 1
102043 Q0 591683 2
102043 Q0 6530350 0
102043 Q0 630772 0
102043 Q0 3201170 0
102043 Q0 8600902 0
102043 Q0 8162209 3
102043 Q0 8096905 0
102043 Q0 591684 2
102043 Q0 2814154 1
102043 Q0 6834716 2
102043 Q0 956946 0
102043 Q0 2911773 0
102043 Q0 4868679 1
102043 Q0 3391733 0
102043 Q0 1535218 0
102043 Q0 3391736 0
102043 Q0 591676 2
102043 Q0 4339533 0
102043 Q0 5881724 0
102043 Q0 8343577 0
102043 Q0 1261028 0
102043 Q0 4555646 2
102043 Q0 5695467 0
102043 Q0 6731148 0
102043 Q0 7822091 1
102043 Q0 8767331 0
102043 Q0 4628949 0
102043 Q0 6779832 0
102043 Q0 2534630 2
102043 Q0 8093057 0
102043 Q0 8362943 0
106158 Q0 6909641 0
106158 Q0 282639 0
106158 Q0 8346159 1
106158 Q0 6903853 0
106158 Q0 8346166 1
106158 Q0 2501801 1
106158 Q0 2653972 1
106158 Q0 8507690 2
106158 Q0 3480203 0
106158 Q0 8711742 1
106158 Q0 8417024 0
106158 Q0 1072526 0
106158 Q0 1509795 0
106158 Q0 2501798 1
106158 Q0 6782831 0
106158 Q0 7656962 1
106158 Q0 8636121 0
106158 Q0 5633290 0
106158 Q0 2495962 2
106158 Q0 282632 0
106158 Q0 4158085 0
106158 Q0 1912294 0
106158 Q0 8325423 0
106158 Q0 8503026 0
106158 Q0 5864866 0
106158 Q0 6136938 2
106158 Q0 2495964 2
106158 Q0 982004 0
106158 Q0 720753 0
106158 Q0 8513899 0
106158 Q0 8056371 0
106158 Q0 5442386 2
106158 Q0 1509800 0
106158 Q0 7567115 0
106158 Q0 3691635 1
106158 Q0 700781 2
106158 Q0 8707080 0
106158 Q0 1509798 0
106158 Q0 3924475 0
106158 Q0 8346161 1
106158 Q0 1927675 1
106158 Q0 6388831 1
106158 Q0 8420318 1
106158 Q0 350431 0
106158 Q0 4892604 0
106158 Q0 2501800 1
106158 Q0 3569176 2
106158 Q0 18537 0
106158 Q0 7656963 1
106158 Q0 5573714 0
106158 Q0 1092006 1
106158 Q0 4705060 0
106158 Q0 8420324 1
106158 Q0 3418279 0
106158 Q0 7479074 2
106158 Q0 1333234 0
106158 Q0 3469414 0
106158 Q0 7406553 0
106158 Q0 3644839 0
106158 Q0 5143128 0
106158 Q0 3418273 0
106158 Q0 6388826 2
106158 Q0 8420321 1
106158 Q0 1063289 0
106158 Q0 7708423 0
106158 Q0 911680 0
106158 Q0 8346160 1
106158 Q0 7941836 0
106158 Q0 3609853 1
106158 Q0 3327924 2
106158 Q0 3397447 0
106158 Q0 8316670 0
106158 Q0 2628604 2
106158 Q0 6403134 0
106158 Q0 5701835 0
106158 Q0 4548255 0
106158 Q0 469813 0
106158 Q0 6575732 0
106158 Q0 3569173 1
106158 Q0 840157 0
106158 Q0 7754726 1
106158 Q0 3418280 0
106158 Q0 3359902 1
110843 Q0 3981254 3
110843 Q0 7055583 2
110843 Q0 3634348 1
110843 Q0 2832610 0
110843 Q0 2394913 2
110843 Q0 2816842 3
110843 Q0 1387824 1
110843 Q0 2332456 1
110843 Q0 158058 0
110843 Q0 357262 1
110843 Q0 8345031 3
110843 Q0 8345035 1
110843 Q0 6729407 2
110843 Q0 8345032 1
110843 Q0 8194119 2
110843 Q0 8781761 0
110843 Q0 7945439 1
110843 Q0 3207641 3
110843 Q0 158056 0
110843 Q0 678391 2
110843 Q0 7055578 1
110843 Q0 2104152 1
110843 Q0 158052 0
110843 Q0 3023383 0
110843 Q0 3981251 2
110843 Q0 158054 0
110843 Q0 2506100 2
110843 Q0 3269701 1
110843 Q0 5500631 3
110843 Q0 2666947 1
110843 Q0 3634350 2
110843 Q0 2634957 1
110843 Q0 706075 0
110843 Q0 7936096 1
110843 Q0 2387285 1
110843 Q0 5213696 2
110843 Q0 824876 1
110843 Q0 6729409 3
110843 Q0 1444954 2
110843 Q0 2506099 2
110843 Q0 7297779 0
110843 Q0 158051 0
110843 Q0 1086609 0
110843 Q0 2536914 0
110843 Q0 7091173 1
110843 Q0 5128864 2
110843 Q0 8345030 1
110843 Q0 2424633 2
110843 Q0 5315103 1
110843 Q0 2658573 1
110843 Q0 2669813 0
110434 Q0 3738516 2
110434 Q0 6699929 0
110434 Q0 2881004 0
110434 Q0 2910371 1
110434 Q0 1078560 3
110434 Q0 8176832 0
110434 Q0 4591652 0
110434 Q0 8563682 0
110434 Q0 5130048 3
110434 Q0 7728610 0
110434 Q0 2656578 0
110434 Q0 7266979 0
110434 Q0 8176827 0
110434 Q0 8176829 0
110434 Q0 6292875 0
110434 Q0 7638783 0
110434 Q0 7028100 2
110434 Q0 7728608 0
110434 Q0 7789896 0
110434 Q0 7181823 0
110434 Q0 644459 2
110434 Q0 1030726 1
110434 Q0 6887315 1
110434 Q0 5550489 0
110434 Q0 2000513 0
110434 Q0 7009241 0
110434 Q0 7028098 3
110434 Q0 6805 0
110434 Q0 7028101 3
110434 Q0 8176826 0
110434 Q0 7583234 0
110434 Q0 5021575 0
110434 Q0 8218024 0
110434 Q0 908075 0
110434 Q0 2725211 0
110434 Q0 3218990 0
110434 Q0 2737260 1
110434 Q0 1895399 2
110434 Q0 6808 0
110434 Q0 4315984 0
110434 Q0 4463029 0
110434 Q0 1030724 1
110434 Q0 3279575 2
110434 Q0 4070455 0
110434 Q0 7944204 0
110434 Q0 197542 0
110434 Q0 1769648 1
110434 Q0 4859679 0
110434 Q0 3466460 0
110434 Q0 8696975 0
110434 Q0 7728605 0
110434 Q0 8548958 0
110434 Q0 8544542 0
110434 Q0 4333528 0
110434 Q0 6091431 0
110434 Q0 7944207 0
110434 Q0 8412088 0
110434 Q0 3434664 0
110434 Q0 8584034 0
110434 Q0 4943248 3
110434 Q0 5130052 2
110434 Q0 667011 0
110434 Q0 7033642 0
110434 Q0 5242138 1
109599 Q0 8004832 2
109599 Q0 7812094 2
109599 Q0 5994311 0
109599 Q0 6864724 3
109599 Q0 161881 0
109599 Q0 5506213 0
109599 Q0 2470496 0
109599 Q0 8514773 0
109599 Q0 6168068 0
109599 Q0 2994085 0
109599 Q0 8004831 2
109599 Q0 1576282 0
109599 Q0 5424230 0
109599 Q0 5948563 0
109599 Q0 5506217 0
109599 Q0 2470498 0
109599 Q0 3253771 0
109599 Q0 150219 0
109599 Q0 1926645 0
109599 Q0 5300518 0
109599 Q0 1669608 0
109599 Q0 7939975 2
109599 Q0 392225 0
109599 Q0 1070591 0
109599 Q0 2528475 0
109599 Q0 5841454 0
109599 Q0 711494 0
109599 Q0 5300519 0
109599 Q0 4479103 0
109599 Q0 5506214 0
109599 Q0 2528477 0
109599 Q0 7615774 0
109599 Q0 6662659 0
109599 Q0 946530 0
109599 Q0 3186777 0
109599 Q0 6381158 0
109599 Q0 1070588 0
109599 Q0 1070585 0
109599 Q0 946531 1
109599 Q0 1803361 0
109599 Q0 8267115 0
109599 Q0 669461 0
109599 Q0 3644786 0
109599 Q0 1870883 0
109599 Q0 7609158 0
109599 Q0 860245 0
109599 Q0 7615775 0
109599 Q0 3142566 0
109599 Q0 8514772 0
109599 Q0 7146941 0
109599 Q0 2046409 0
109599 Q0 3016907 0
109599 Q0 7616668 0
109599 Q0 5480502 0
109599 Q0 7386105 0
109599 Q0 1803362 2
109599 Q0 8265580 0
109599 Q0 5589884 1
109599 Q0 7799287 0
109599 Q0 7173167 0
109599 Q0 501780 0
109599 Q0 2320114 0
100508 Q0 3926824 1
100508 Q0 2340358 1
100508 Q0 6379525 0
100508 Q0 4636736 1
100508 Q0 5266922 0
100508 Q0 3671968 1
100508 Q0 4382473 1
100508 Q0 7605568 3
100508 Q0 7476677 0
100508 Q0 268060 0
100508 Q0 7993870 1
100508 Q0 1416431 1
100508 Q0 2653113 0
100508 Q0 2732454 0
100508 Q0 7055659 0
100508 Q0 6874946 2
100508 Q0 8528350 2
100508 Q0 5258063 0
100508 Q0 8249604 2
100508 Q0 7065313 1
100508 Q0 8686899 1
100508 Q0 1266043 2
100508 Q0 5266926 0
100508 Q0 7812945 0
100508 Q0 5748719 0
100508 Q0 3783879 1
100508 Q0 7081712 0
100508 Q0 1496601 2
100508 Q0 2129899 2
100508 Q0 8028658 0
100508 Q0 3671972 0
100508 Q0 1437923 0
100508 Q0 3655374 1
100508 Q0 2055451 3
100508 Q0 1829199 0
100508 Q0 6999629 0
100508 Q0 8662159 0
100508 Q0 7464633 0
100508 Q0 8743134 0
100508 Q0 1829205 1
100508 Q0 1512997 1
100508 Q0 8440473 0
100508 Q0 7621289 1
100508 Q0 2356682 0
100508 Q0 2005052 1
100508 Q0 7055663 0
100508 Q0 2195351 0
100508 Q0 5502610 1
100508 Q0 1946051 0
100508 Q0 7490019 0
100508 Q0 73875 0
100508 Q0 1273242 2
100508 Q0 1317473 1
100508 Q0 262814 0
100508 Q0 7544170 0
100508 Q0 6346120 0
100508 Q0 7350090 1
100508 Q0 1394842 0
100508 Q0 8245872 0
100508 Q0 4659260 0
100508 Q0 5748717 0
100508 Q0 1273244 2
100508 Q0 2003438 0
100508 Q0 731718 0
100508 Q0 1066705 0
100508 Q0 691888 1
100508 Q0 1394839 0
100508 Q0 1558411 0
100508 Q0 5750978 1
100508 Q0 804828 1
100508 Q0 859077 0
100508 Q0 4018669 1
100508 Q0 8220767 1
100508 Q0 1862511 2
100508 Q0 6532601 0
100508 Q0 566910 0
100508 Q0 5270555 0
100508 Q0 8568347 1
100508 Q0 6478646 0
100508 Q0 1829198 1
100508 Q0 2973228 1
100508 Q0 6535747 0
104009 Q0 5166647 3
104009 Q0 5558738 0
104009 Q0 5682844 0
104009 Q0 6397188 0
104009 Q0 263408 3
104009 Q0 3956469 0
104009 Q0 5066014 0
104009 Q0 6395932 0
104009 Q0 8354540 2
104009 Q0 2394921 3
104009 Q0 5613493 3
104009 Q0 361283 0
104009 Q0 3381949 0
104009 Q0 2714394 0
104009 Q0 5491303 0
104009 Q0 2339522 0
104009 Q0 6395933 0
104009 Q0 5540429 0
104009 Q0 6395931 0
104009 Q0 5166643 3
104009 Q0 6463987 0
104009 Q0 5491302 0
104009 Q0 6163095 3
104009 Q0 5650675 3
104009 Q0 6554690 0
104009 Q0 926492 0
104009 Q0 7128279 0
104009 Q0 6395926 0
104009 Q0 2339530 0
104009 Q0 3270750 0
104009 Q0 4551687 2
104009 Q0 6154533 0
104009 Q0 7384645 0
104009 Q0 1150687 1
104009 Q0 6395928 0
104009 Q0 8252596 0
104009 Q0 2714399 0
104009 Q0 3381946 0
104009 Q0 8354539 2
104009 Q0 5166645 2
104009 Q0 6604414 0
104009 Q0 3284341 0
104009 Q0 6395924 0
104009 Q0 4551689 3
104009 Q0 926487 0
104009 Q0 6244183 0
104009 Q0 361280 0
104009 Q0 7295992 0
104009 Q0 263405 3
104009 Q0 6402642 0
104009 Q0 2772649 0
104009 Q0 4105909 0
104009 Q0 4411101 1
104009 Q0 6639363 0
104009 Q0 6016797 1
104009 Q0 5782710 0
104009 Q0 6244182 1
104009 Q0 292028 0
104009 Q0 6939886 0
104009 Q0 4052993 0
104009 Q0 3949383 0
104009 Q0 8354537 2
104009 Q0 6154536 0
104009 Q0 6635780 0
104009 Q0 6395927 0
104009 Q0 3851565 2
104009 Q0 361284 0
104009 Q0 6016795 1
104009 Q0 361281 0
104009 Q0 4551688 3
104009 Q0 5217907 0
104009 Q0 5706787 0
104009 Q0 8354532 3
104009 Q0 4551695 3
104009 Q0 6553221 0
104009 Q0 2978910 0
104009 Q0 7045171 0
104009 Q0 5166641 1
104009 Q0 8098023 0
104009 Q0 6441682 0
107625 Q0 6513482 3
107625 Q0 4431256 2
107625 Q0 1826615 0
107625 Q0 1889258 1
107625 Q0 7217002 0
107625 Q0 8634542 0
107625 Q0 6490382 2
107625 Q0 7264328 0
107625 Q0 3664557 0
107625 Q0 8544281 0
107625 Q0 255608 0
107625 Q0 2183061 0
107625 Q0 644153 0
107625 Q0 6490387 2
107625 Q0 606197 0
107625 Q0 6403304 0
107625 Q0 2390736 0
107625 Q0 4943230 2
107625 Q0 5919912 0
107625 Q0 8066918 0
107625 Q0 2390731 0
107625 Q0 4428878 0
107625 Q0 8453731 0
107625 Q0 5174001 0
107625 Q0 906913 0
107625 Q0 6490384 2
107625 Q0 4867996 0
107625 Q0 1067519 0
107625 Q0 2390735 0
107625 Q0 5511598 0
107625 Q0 1223916 0
107625 Q0 5088362 0
107625 Q0 6490385 2
107625 Q0 577249 0
107625 Q0 4428877 0
107625 Q0 114673 0
107625 Q0 4933369 0
107625 Q0 4547750 0
107625 Q0 6777346 0
107625 Q0 894735 0
107625 Q0 249141 0
107625 Q0 4431255 2
107625 Q0 6700425 0
107625 Q0 1606463 0
107625 Q0 4391833 0
107625 Q0 7692787 0
107625 Q0 591567 0
107625 Q0 2266798 0
107625 Q0 1889250 1
107625 Q0 4878957 0
107625 Q0 3692709 0
107625 Q0 2380584 0
107625 Q0 8488864 0
107625 Q0 4431251 2
107625 Q0 4114517 0
107625 Q0 2620465 0
107625 Q0 7100466 0
107625 Q0 5135847 0
107625 Q0 255617 0
107625 Q0 6256937 0
107625 Q0 5874138 0
107625 Q0 6418096 0
99118 Q0 4858271 0
99118 Q0 6146517 1
99118 Q0 4843752 0
99118 Q0 7033911 0
99118 Q0 3472150 2
99118 Q0 4399056 2
99118 Q0 7865885 2
99118 Q0 1603018 1
99118 Q0 562665 0
99118 Q0 5490654 1
99118 Q0 6093666 0
99118 Q0 2569858 1
99118 Q0 3600927 2
99118 Q0 2750042 1
99118 Q0 3472155 2
99118 Q0 157522 1
99118 Q0 6078980 2
99118 Q0 562673 0
99118 Q0 6851192 1
99118 Q0 8802004 1
99118 Q0 5803201 1
99118 Q0 7975334 2
99118 Q0 7045307 1
99118 Q0 6078976 2
99118 Q0 7405153 0
99118 Q0 634530 2
99118 Q0 562664 0
99118 Q0 1713998 1
99118 Q0 770857 1
99118 Q0 7105073 2
99118 Q0 7939270 0
99118 Q0 6405395 2
99118 Q0 7405149 2
99118 Q0 5983914 1
99118 Q0 3260025 2
99118 Q0 5386189 0
99118 Q0 157527 1
99118 Q0 8831192 1
99118 Q0 688721 2
99118 Q0 6817665 2
99118 Q0 6851194 1
99118 Q0 8408044 0
99118 Q0 6750615 1
99118 Q0 7918864 1
99118 Q0 157525 1
99118 Q0 988623 1
99118 Q0 5732462 2
99118 Q0 3430096 2
99118 Q0 6851191 1
99118 Q0 6851199 0
99118 Q0 2654863 2
99118 Q0 7397074 0
99118 Q0 8692103 2
99118 Q0 6760072 1
99118 Q0 157526 2
99118 Q0 2654864 2
99118 Q0 8121160 0
99118 Q0 4843753 2
99118 Q0 7023221 2
99118 Q0 4959196 1
99118 Q0 988621 1
99118 Q0 7045310 1
99118 Q0 7560893 1
99118 Q0 6309211 1
99118 Q0 1117329 1
105581 Q0 5960027 1
105581 Q0 401753 0
105581 Q0 847173 2
105581 Q0 2500608 3
105581 Q0 6666500 0
105581 Q0 5960034 2
105581 Q0 76261 0
105581 Q0 6666498 0
105581 Q0 6666501 0
105581 Q0 6697231 0
105581 Q0 6666502 0
105581 Q0 4904258 0
105581 Q0 5961756 0
105581 Q0 2500612 3
105581 Q0 3507736 0
105581 Q0 6666505 0
105581 Q0 2133179 0
105581 Q0 6697232 0
105581 Q0 7027720 0
105581 Q0 7830849 0
105581 Q0 7847225 3
105581 Q0 5961751 0
105581 Q0 8176516 0
105581 Q0 6666499 0
105581 Q0 5732732 0
105581 Q0 2714495 0
105581 Q0 847174 1
105581 Q0 6666504 0
105581 Q0 3135503 3
105581 Q0 7737400 0
105581 Q0 5426305 0
105581 Q0 3653004 0
105581 Q0 3135502 3
105581 Q0 2258041 0
105581 Q0 1982526 0
105581 Q0 4825218 0
105581 Q0 6666503 0
105581 Q0 2254102 0
105581 Q0 8099357 0
105581 Q0 3562010 0
105581 Q0 750204 0
105581 Q0 7672934 0
105581 Q0 6455566 0
105581 Q0 7110146 0
105581 Q0 4298296 0
105581 Q0 2890958 0
105581 Q0 4885043 0
105581 Q0 6697229 0
105581 Q0 2883468 0
105581 Q0 4918362 0
105581 Q0 2500603 1
105581 Q0 3099786 0
105581 Q0 3604529 0
105581 Q0 6455561 0
105581 Q0 5642821 0
105581 Q0 3351656 0
105581 Q0 7125778 0
105581 Q0 4530126 0
105581 Q0 3322018 0
105581 Q0 8396445 0
105581 Q0 3739185 0
105581 Q0 3653008 0
105581 Q0 401754 0
105581 Q0 4840925 0
105581 Q0 1754595 0
105581 Q0 8636723 0
105581 Q0 3413652 0
105581 Q0 5040050 0
105581 Q0 5166018 0
105581 Q0 3729738 0
105581 Q0 3507735 0
105581 Q0 3653010 0
102610 Q0 5251900 1
102610 Q0 1690083 0
102610 Q0 6287466 0
102610 Q0 3381966 2
102610 Q0 1805888 0
102610 Q0 5813851 0
102610 Q0 1818171 0
102610 Q0 4513478 2
102610 Q0 225927 3
102610 Q0 547134 1
102610 Q0 5188031 0
102610 Q0 8329272 3
102610 Q0 5376436 1
102610 Q0 7505467 0
102610 Q0 5813847 0
102610 Q0 1805879 0
102610 Q0 2564219 3
102610 Q0 3539694 1
102610 Q0 4851914 0
102610 Q0 2419056 0
102610 Q0 3381965 3
102610 Q0 2975370 0
102610 Q0 5251903 1
102610 Q0 4851915 0
102610 Q0 1805880 0
102610 Q0 599214 1
102610 Q0 4215717 0
102610 Q0 3988024 0
102610 Q0 7503832 0
102610 Q0 2449600 2
102610 Q0 599222 1
102610 Q0 2746985 0
102610 Q0 225921 1
102610 Q0 623974 0
102610 Q0 8370151 0
102610 Q0 2407688 0
102610 Q0 5034438 1
102610 Q0 2562602 0
102610 Q0 7716407 1
102610 Q0 2566085 0
102610 Q0 952313 0
102610 Q0 1026712 0
102610 Q0 5251901 1
102610 Q0 795851 0
102610 Q0 8092959 0
102610 Q0 8077006 0
102610 Q0 7716412 1
102610 Q0 3381970 2
102610 Q0 7520162 2
102610 Q0 8456604 1
102610 Q0 458572 3
102610 Q0 4409113 0
102610 Q0 458570 2
102610 Q0 227780 0
102610 Q0 4513481 1
102610 Q0 3135364 0
102610 Q0 6036622 1
102610 Q0 7678796 0
102610 Q0 3808207 0
102610 Q0 1716854 2
102610 Q0 3808209 0
102610 Q0 599216 1
102610 Q0 3893980 0
102610 Q0 1890053 2
102610 Q0 248225 1
102610 Q0 6763580 2
102610 Q0 3673180 0
102610 Q0 1747231 0
102610 Q0 2899639 0
102610 Q0 3164741 0
102610 Q0 1890054 1
102610 Q0 3381964 3
102610 Q0 952310 0
102610 Q0 5346234 0
102610 Q0 8203951 0
102610 Q0 5358252 0
102610 Q0 6816438 0
102610 Q0 8333396 0
102610 Q0 8076091 0
102610 Q0 1087941 0
102610 Q0 4513479 1
103451 Q0 2779976 2
103451 Q0 3197573 0
103451 Q0 8766371 0
103451 Q0 606557 3
103451 Q0 4859369 0
103451 Q0 4322499 2
103451 Q0 2806152 3
103451 Q0 4322497 3
103451 Q0 568848 0
103451 Q0 5232976 0
103451 Q0 7349099 0
103451 Q0 4856275 0
103451 Q0 5798136 0
103451 Q0 7196590 2
103451 Q0 341712 2
103451 Q0 606558 3
103451 Q0 2239303 0
103451 Q0 606565 2
103451 Q0 7824243 0
103451 Q0 5971320 1
103451 Q0 8618444 0
103451 Q0 3284351 0
103451 Q0 2779968 2
103451 Q0 6600365 1
103451 Q0 2251710 0
103451 Q0 3284349 0
103451 Q0 2251712 0
103451 Q0 389041 3
103451 Q0 2952865 3
103451 Q0 4787132 0
103451 Q0 8450818 1
103451 Q0 4322500 1
103451 Q0 7518905 0
103451 Q0 736314 0
103451 Q0 5798133 0
103451 Q0 2304262 0
103451 Q0 2239301 0
103451 Q0 6738925 1
103451 Q0 3214242 0
103451 Q0 6376382 2
103451 Q0 2806150 2
103451 Q0 5798130 0
103451 Q0 606556 1
103451 Q0 6478568 1
103451 Q0 4322496 2
103451 Q0 3679095 0
103451 Q0 3719054 0
103451 Q0 1298803 0
103451 Q0 979630 0
103451 Q0 7980540 0
103451 Q0 3719050 0
103451 Q0 6804856 0
103451 Q0 736311 0
103451 Q0 736306 0
103451 Q0 6555457 0
103451 Q0 4322501 2
103451 Q0 606561 1
105415 Q0 6491729 3
105415 Q0 5979292 0
105415 Q0 4098479 1
105415 Q0 1653305 0
105415 Q0 7446549 1
105415 Q0 1395571 0
105415 Q0 289527 0
105415 Q0 8527146 0
105415 Q0 1975692 2
105415 Q0 1653303 0
105415 Q0 8518888 1
105415 Q0 1210372 0
105415 Q0 521584 1
105415 Q0 1653307 0
105415 Q0 1395579 0
105415 Q0 5923527 0
105415 Q0 1210371 0
105415 Q0 521586 1
105415 Q0 1305111 1
105415 Q0 1524297 0
105415 Q0 6371286 0
105415 Q0 4071558 0
105415 Q0 1524298 0
105415 Q0 3026153 1
105415 Q0 8115366 0
105415 Q0 5103852 0
105415 Q0 811749 0
105415 Q0 8060829 0
105415 Q0 4125832 0
105415 Q0 3138082 0
105415 Q0 7920525 1
105415 Q0 5923531 0
105415 Q0 4662001 0
105415 Q0 289641 0
105415 Q0 146083 1
105415 Q0 1395573 0
105415 Q0 5398266 0
105415 Q0 2092512 0
105415 Q0 2385696 0
105415 Q0 1594805 2
105415 Q0 5923530 0
105415 Q0 4661996 0
105415 Q0 811745 0
105415 Q0 1975690 1
105415 Q0 320179 0
105415 Q0 4583089 1
105415 Q0 7220585 0
105415 Q0 8171575 0
105899 Q0 1552773 3
105899 Q0 5572293 2
105899 Q0 1075332 1
105899 Q0 6066897 1
105899 Q0 2616400 3
105899 Q0 548811 1
105899 Q0 1124705 2
105899 Q0 4035842 0
105899 Q0 6695592 2
105899 Q0 1766538 0
105899 Q0 617429 2
105899 Q0 6983783 0
105899 Q0 7587559 0
105899 Q0 353666 3
105899 Q0 270768 0
105899 Q0 22867 0
105899 Q0 1766539 0
105899 Q0 6839257 2
105899 Q0 482168 2
105899 Q0 2616393 3
105899 Q0 5876399 0
105899 Q0 8529815 0
105899 Q0 6680909 2
105899 Q0 9427 0
105899 Q0 75264 0
105899 Q0 97850 0
105899 Q0 5001959 0
105899 Q0 2972947 0
105899 Q0 1138269 3
105899 Q0 7535164 3
105899 Q0 3058149 3
105899 Q0 6839264 3
105899 Q0 7432301 0
105899 Q0 2801832 0
105899 Q0 4142613 2
105899 Q0 230109 3
105899 Q0 4098526 2
105899 Q0 3301646 1
105899 Q0 8030903 0
105899 Q0 8579531 2
105899 Q0 8298045 0
105899 Q0 6839259 2
105899 Q0 6604599 3
105899 Q0 1896925 0
105899 Q0 7947687 0
105899 Q0 8562471 0
105899 Q0 5857865 0
105899 Q0 1143928 0
105899 Q0 3701978 1
105899 Q0 5876400 0
105899 Q0 6064238 2
105899 Q0 6666840 0
105899 Q0 181446 0
105899 Q0 8052460 2
105899 Q0 2616399 3
105899 Q0 176908 0
105899 Q0 3403490 3
105899 Q0 5554549 2
105899 Q0 4098525 2
105899 Q0 3115864 0
105899 Q0 9425 1
105899 Q0 1372212 0
4271677555 Q0 8801749 3
4271677555 Q0 3595158 1
4271677555 Q0 943920 1
4271677555 Q0 625429 1
4271677555 Q0 6456332 1
4271677555 Q0 6269709 0
4271677555 Q0 5263006 2
4271677555 Q0 2992995 0
4271677555 Q0 4718396 3
4271677555 Q0 1536346 1
4271677555 Q0 7131779 1
4271677555 Q0 8053631 1
4271677555 Q0 8801753 3
4271677555 Q0 4991639 1
4271677555 Q0 7826342 1
4271677555 Q0 8801752 3
4271677555 Q0 1777169 0
4271677555 Q0 4718395 3
4271677555 Q0 1499750 1
4271677555 Q0 4527083 1
4271677555 Q0 5461464 1
4271677555 Q0 4772399 0
4271677555 Q0 6002238 3
4271677555 Q0 7224426 2
4271677555 Q0 7059973 1
4271677555 Q0 6513735 3
4271677555 Q0 7989626 1
4271677555 Q0 3425878 0
4271677555 Q0 2923675 1
4271677555 Q0 3604419 0
4271677555 Q0 1827372 0
4271677555 Q0 7637061 1
4271677555 Q0 906399 2
4271677555 Q0 5364080 1
4271677555 Q0 5837731 1
4271677555 Q0 8659364 1
4271677555 Q0 398292 1
4271677555 Q0 4805491 1
4271677555 Q0 3466312 1
4271677555 Q0 7774540 0
4271677555 Q0 625431 1
4271677555 Q0 7880256 1
4271677555 Q0 1816194 3
4271677555 Q0 6852864 1
4271677555 Q0 6269248 1
4271677555 Q0 3486675 1
4271677555 Q0 8282077 1
4271677555 Q0 3955 3
4271677555 Q0 1816195 3
4271677555 Q0 7987920 1
4271677555 Q0 2111850 0
4271677555 Q0 8816569 1
4271677555 Q0 2534794 1
4271677555 Q0 447158 1
4271677555 Q0 3574987 3
4271677555 Q0 4264172 1
4271677555 Q0 2193157 1
4271677555 Q0 5476035 0
4271677555 Q0 7321438 1
4271677555 Q0 3574991 3
4271677555 Q0 439754 1
4271677555 Q0 8735633 1
4271677555 Q0 2994377 1
4271677555 Q0 5131623 1
4271677555 Q0 7224428 2
4271677555 Q0 5903458 1
4271677555 Q0 5230347 0
4271677555 Q0 2647542 1
4271677555 Q0 1816197 3
4271677555 Q0 2193152 1
4271677555 Q0 7989624 1
4271677555 Q0 5676602 1
4271677555 Q0 7887881 0
4271677555 Q0 7774534 1
4271677555 Q0 4718393 1
4271677555 Q0 3580263 1
4271677555 Q0 7321441 1
4271677555 Q0 4792574 1
4271677555 Q0 6519443 0
4271677555 Q0 8641573 1
4271677555 Q0 2565841 1
4271677555 Q0 8547056 2
4271677555 Q0 7828795 0
111056 Q0 6552177 2
111056 Q0 2246596 2
111056 Q0 8313114 2
111056 Q0 3254173 1
111056 Q0 7048160 2
111056 Q0 2458265 2
111056 Q0 6442179 2
111056 Q0 5006411 0
111056 Q0 933485 2
111056 Q0 2857395 2
111056 Q0 6413522 3
111056 Q0 2458268 2
111056 Q0 99038 0
111056 Q0 6568669 2
111056 Q0 5962340 0
111056 Q0 2246598 2
111056 Q0 2534178 2
111056 Q0 2052186 2
111056 Q0 2534182 2
111056 Q0 2534177 2
111056 Q0 4079471 0
111056 Q0 6552180 2
111056 Q0 5399425 0
111056 Q0 5529828 0
111056 Q0 7048154 2
111056 Q0 786606 0
111056 Q0 5924966 3
111056 Q0 4466626 0
111056 Q0 4141937 2
111056 Q0 2458264 2
111056 Q0 2246597 2
111056 Q0 6901452 0
111056 Q0 354531 0
111056 Q0 6568668 2
111056 Q0 991294 2
111056 Q0 4486033 2
111056 Q0 7606363 2
111056 Q0 5924967 2
111056 Q0 826587 2
111056 Q0 3493509 0
111056 Q0 991292 2
111056 Q0 991291 2
111056 Q0 5035232 0
111056 Q0 2458269 2
111056 Q0 933486 2
111056 Q0 2860877 2
111056 Q0 6764956 0
111056 Q0 4147549 0
111056 Q0 5035240 0
111056 Q0 3390510 0
111056 Q0 4557956 0
111056 Q0 933490 2
111056 Q0 2578925 0
111056 Q0 4141935 2
111056 Q0 7606362 2
111056 Q0 5360509 0
111056 Q0 6110650 0
111056 Q0 826592 2
111056 Q0 4141932 2
111056 Q0 6764953 0
111056 Q0 2246599 2
111056 Q0 1574693 0
111056 Q0 2875168 0
111056 Q0 6901451 0
111014 Q0 7930810 0
111014 Q0 7017231 0
111014 Q0 8368694 0
111014 Q0 7419233 2
111014 Q0 5408710 0
111014 Q0 5914855 2
111014 Q0 1472837 2
111014 Q0 850213 0
111014 Q0 1354822 0
111014 Q0 4029130 0
111014 Q0 2157759 0
111014 Q0 3978181 0
111014 Q0 8279153 2
111014 Q0 8289410 0
111014 Q0 7017225 0
111014 Q0 2890521 0
111014 Q0 5291599 0
111014 Q0 1555447 3
111014 Q0 2157763 0
111014 Q0 4137628 0
111014 Q0 4928065 0
111014 Q0 1354819 0
111014 Q0 803721 3
111014 Q0 2157756 0
111014 Q0 2217624 0
111014 Q0 1113321 0
111014 Q0 7155528 0
111014 Q0 4959717 0
111014 Q0 8160968 0
111014 Q0 1365607 2
111014 Q0 2157757 0
111014 Q0 1150198 2
111014 Q0 6769907 1
111014 Q0 177954 2
111014 Q0 8473993 1
111014 Q0 7452238 3
111014 Q0 8160970 0
111014 Q0 675487 0
111014 Q0 2574318 0
111014 Q0 7421275 3
111014 Q0 158482 0
111014 Q0 1132774 3
111014 Q0 5708252 0
111014 Q0 717279 2
111014 Q0 2601200 0
111014 Q0 1720107 3
111014 Q0 5999547 0
111014 Q0 257537 2
111014 Q0 1489988 0
111014 Q0 938289 0
111014 Q0 1416693 1
111014 Q0 3634955 2
111014 Q0 1354820 0
111014 Q0 2157762 0
111014 Q0 6048711 0
111014 Q0 1042376 0
111014 Q0 4497403 0
111014 Q0 675492 0
111014 Q0 1552813 0
111014 Q0 766517 0
111014 Q0 7452231 2
111014 Q0 7812123 0
111014 Q0 1850605 2
111014 Q0 7452232 3
111014 Q0 58633 0
111014 Q0 4137627 0
111014 Q0 2602985 0
111014 Q0 8160967 0
111014 Q0 1811216 3
111014 Q0 1673026 0
111014 Q0 3223527 3
111014 Q0 7580553 0
111014 Q0 2601205 0
111014 Q0 6200033 0
111014 Q0 8334979 2
111014 Q0 4709639 0
109832 Q0 5416247 3
109832 Q0 2087516 1
109832 Q0 2722754 0
109832 Q0 407337 2
109832 Q0 5416241 3
109832 Q0 5416242 3
109832 Q0 4315324 2
109832 Q0 5391499 0
109832 Q0 839750 3
109832 Q0 4482432 3
109832 Q0 8373256 0
109832 Q0 1112803 3
109832 Q0 6782535 1
109832 Q0 2087510 3
109832 Q0 8297121 0
109832 Q0 4441181 2
109832 Q0 6239027 0
109832 Q0 6782537 1
109832 Q0 6122900 0
109832 Q0 5100770 3
109832 Q0 407342 2
109832 Q0 1563551 0
109832 Q0 5416244 3
109832 Q0 5929408 0
109832 Q0 5218715 2
109832 Q0 2087513 2
109832 Q0 6992503 1
109832 Q0 891073 0
109832 Q0 8151835 3
109832 Q0 3649310 0
109832 Q0 1487128 0
109832 Q0 5416243 3
109832 Q0 3754023 0
109832 Q0 4891897 3
109832 Q0 551922 0
109832 Q0 5843353 0
109832 Q0 6992505 3
109832 Q0 6326523 0
109832 Q0 48434 3
109832 Q0 8816148 2
109832 Q0 3514947 0
109832 Q0 4315330 3
109832 Q0 8314981 0
109832 Q0 3140343 3
109832 Q0 3679474 3
109832 Q0 2722752 0
109832 Q0 6271332 3
109832 Q0 171576 1
109832 Q0 6483744 0
109832 Q0 3729405 0
109832 Q0 31862 2
109832 Q0 2722748 0
109832 Q0 8816150 2
109832 Q0 8675271 0
109832 Q0 3105316 0
109832 Q0 5891409 0
109832 Q0 5416245 3
109832 Q0 3072897 1
109832 Q0 351811 0
109832 Q0 2724903 1
109832 Q0 1563554 0
109832 Q0 4441184 2
109832 Q0 5218712 3
109832 Q0 4951748 0
109832 Q0 4375461 0
109832 Q0 3547379 0
109832 Q0 2642235 3
109832 Q0 2205158 2
110633 Q0 6289098 0
110633 Q0 3728195 0
110633 Q0 8391316 0
110633 Q0 5818481 3
110633 Q0 5468749 0
110633 Q0 3953715 3
110633 Q0 7444421 2
110633 Q0 1666489 3
110633 Q0 3472745 0
110633 Q0 5094306 0
110633 Q0 2124512 0
110633 Q0 3512955 0
110633 Q0 4916628 0
110633 Q0 4871793 0
110633 Q0 6829025 0
110633 Q0 4503608 0
110633 Q0 7200781 0
110633 Q0 3953721 2
110633 Q0 3953714 2
110633 Q0 2064219 2
110633 Q0 2391783 0
110633 Q0 873421 0
110633 Q0 5094304 1
110633 Q0 3804098 0
110633 Q0 7213176 0
110633 Q0 7109203 0
110633 Q0 5094307 2
110633 Q0 1060375 1
110633 Q0 5916733 0
110633 Q0 2064218 2
110633 Q0 2490351 0
110633 Q0 6289094 0
110633 Q0 8311383 2
110633 Q0 4230845 1
110633 Q0 4916623 0
110633 Q0 4344130 0
110633 Q0 5094300 2
110633 Q0 3953722 3
110633 Q0 8391318 0
110633 Q0 4016235 0
110633 Q0 8031668 0
110633 Q0 1867450 0
110633 Q0 3953718 0
110633 Q0 8604855 0
110633 Q0 1021325 0
110633 Q0 2377181 0
110633 Q0 2024584 0
110633 Q0 1530214 0
110633 Q0 5916736 0
110633 Q0 5660938 0
110633 Q0 7660380 0
110633 Q0 3953716 2
110633 Q0 7093671 1
110445 Q0 2565507 3
110445 Q0 6789637 3
110445 Q0 4222770 0
110445 Q0 5615366 0
110445 Q0 8334799 0
110445 Q0 5450669 0
110445 Q0 5523299 0
110445 Q0 8391304 0
110445 Q0 2826471 2
110445 Q0 7946097 0
110445 Q0 910617 0
110445 Q0 5205250 0
110445 Q0 2212664 0
110445 Q0 3311114 0
110445 Q0 2910600 0
110445 Q0 5024081 0
110445 Q0 2484371 0
110445 Q0 5024076 0
110445 Q0 2484373 0
110445 Q0 936182 1
110445 Q0 1880424 2
110445 Q0 4209463 0
110445 Q0 1657629 0
110445 Q0 2910602 0
110445 Q0 5067290 0
110445 Q0 71684 2
110445 Q0 4192511 0
110445 Q0 2518238 0
110445 Q0 6227434 1
110445 Q0 2826470 2
110445 Q0 5541802 0
110445 Q0 4233244 0
110445 Q0 1880421 1
110445 Q0 1615587 0
110445 Q0 157040 0
110445 Q0 1456825 0
110445 Q0 3754477 0
110445 Q0 2739709 0
110445 Q0 1494579 0
110445 Q0 5024077 0
110445 Q0 5205255 0
110445 Q0 1739634 0
110445 Q0 1526250 1
110445 Q0 6004372 0
110445 Q0 4205646 0
110445 Q0 1838301 0
110445 Q0 5198990 1
110445 Q0 6479386 1
110445 Q0 7118616 0
110445 Q0 2831401 0
110445 Q0 3755757 0
110445 Q0 5024085 0
110445 Q0 8029507 1
110445 Q0 5483712 0
110445 Q0 1034902 0
110445 Q0 331642 0
110445 Q0 4233242 0
110445 Q0 5276130 0
110445 Q0 2910601 0
110445 Q0 252346 0
110445 Q0 1432267 1
110445 Q0 4312687 0
110445 Q0 7876011 0
110445 Q0 4085874 0
110445 Q0 1020156 0
110445 Q0 7114296 0
110445 Q0 6227436 1
110445 Q0 1432269 1
110445 Q0 3100275 0
110445 Q0 7067834 0
110445 Q0 1500033 0
110445 Q0 4859452 0
110445 Q0 4079357 0
110445 Q0 4358448 0
110445 Q0 4937214 1
110445 Q0 7874779 0
110445 Q0 3310001 0
110445 Q0 1162474 1
110445 Q0 7104453 0
110445 Q0 7275123 0
110445 Q0 6227437 0
110445 Q0 2970418 0
110445 Q0 6453872 0
110445 Q0 517226 0
110445 Q0 6496442 0
110445 Q0 1312825 1
100382 Q0 5420850 3
100382 Q0 5420845 0
100382 Q0 215405 0
100382 Q0 5420843 3
100382 Q0 5420849 0
100382 Q0 7090167 0
100382 Q0 5498262 0
100382 Q0 437672 0
100382 Q0 5420847 2
100382 Q0 2034883 0
100382 Q0 6410224 0
100382 Q0 5420842 1
100382 Q0 5420844 0
100382 Q0 2265110 0
100382 Q0 5420851 0
100382 Q0 5420848 0
100382 Q0 7465268 0
100382 Q0 4909670 0
100382 Q0 5139428 0
100382 Q0 8072964 0
100382 Q0 7343813 0
100382 Q0 7635871 0
100382 Q0 8535064 0
100382 Q0 5420846 0
100382 Q0 6187858 0
100382 Q0 234574 0
100382 Q0 1217646 0
100382 Q0 6118263 0
100382 Q0 350849 0
100382 Q0 4452028 0
100382 Q0 1945987 0
100382 Q0 4211420 0
100382 Q0 3660041 0
100382 Q0 7713004 0
100382 Q0 5522360 0
100382 Q0 2981122 0
100382 Q0 7465273 0
100382 Q0 3224280 0
100382 Q0 5055652 0
100382 Q0 7713003 0
100382 Q0 1735515 0
100382 Q0 2113667 0
100382 Q0 3224281 0
100382 Q0 2297242 0
100382 Q0 8502806 0
100382 Q0 8362630 0
100382 Q0 7786743 0
103540 Q0 2009607 1
103540 Q0 1143652 0
103540 Q0 4555218 0
103540 Q0 2009605 3
103540 Q0 7217400 0
103540 Q0 2009612 1
103540 Q0 34161 0
103540 Q0 7911156 0
103540 Q0 8706077 1
103540 Q0 7645174 0
103540 Q0 3973787 1
103540 Q0 1032147 0
103540 Q0 3204271 1
103540 Q0 3184692 0
103540 Q0 4165530 0
103540 Q0 7645170 0
103540 Q0 4963796 0
103540 Q0 5956958 0
103540 Q0 4961780 2
103540 Q0 1407004 2
103540 Q0 5444877 0
103540 Q0 3060381 0
103540 Q0 7222440 0
103540 Q0 2009603 2
103540 Q0 8508249 0
103540 Q0 4302265 1
103540 Q0 4716579 2
103540 Q0 7841436 0
103540 Q0 1271179 1
103540 Q0 6245478 1
103540 Q0 90328 0
103540 Q0 2631561 0
103540 Q0 1117823 0
103540 Q0 8204810 0
103540 Q0 5444882 1
103540 Q0 7222441 0
103540 Q0 4697818 0
103540 Q0 1407003 2
103540 Q0 6653391 0
103540 Q0 5851122 0
103540 Q0 3058935 1
103540 Q0 3194492 1
103540 Q0 7743745 1
103540 Q0 4309706 0
103540 Q0 7713394 0
103540 Q0 1457776 0
103540 Q0 429888 0
103540 Q0 8641545 0
103540 Q0 8222840 0
103540 Q0 6571022 0
103540 Q0 3590171 0
103540 Q0 6859835 0
103540 Q0 7899655 2
103540 Q0 1117826 0
103540 Q0 6844807 0
103540 Q0 1667549 0
103540 Q0 4818385 2
103540 Q0 3011761 2
103540 Q0 3479630 0
103540 Q0 5255427 0
103540 Q0 7899653 2
103540 Q0 1880416 0
103540 Q0 7247951 0
103540 Q0 1032150 0
103540 Q0 1862684 0
103540 Q0 3060380 0
103540 Q0 2877037 0
103540 Q0 7093426 0
103540 Q0 6796162 2
103540 Q0 7045617 0
103540 Q0 2667956 1
103540 Q0 6572093 0
103540 Q0 1930107 0
103540 Q0 3060383 0
103540 Q0 3060378 0
103540 Q0 6620794 1
103540 Q0 8689317 2
103540 Q0 2722418 0
103540 Q0 6409085 0
103540 Q0 8636524 0
103540 Q0 3812640 0
103540 Q0 1306001 0
2230899496 Q0 6854611 2
2230899496 Q0 7104435 0
2230899496 Q0 6348950 1
2230899496 Q0 2757359 1
2230899496 Q0 7915122 1
2230899496 Q0 721781 2
2230899496 Q0 5205926 2
2230899496 Q0 1469495 3
2230899496 Q0 1684270 2
2230899496 Q0 4593697 1
2230899496 Q0 1684273 3
2230899496 Q0 502325 2
2230899496 Q0 2931609 1
2230899496 Q0 1684269 1
2230899496 Q0 7075856 1
2230899496 Q0 952118 2
2230899496 Q0 721782 3
2230899496 Q0 1886487 0
2230899496 Q0 6854610 2
2230899496 Q0 5632035 1
2230899496 Q0 5745790 2
2230899496 Q0 4593703 2
2230899496 Q0 5177944 2
2230899496 Q0 721785 2
2230899496 Q0 1534966 1
2230899496 Q0 303538 2
2230899496 Q0 4593700 1
2230899496 Q0 5177951 1
2230899496 Q0 4593702 1
2230899496 Q0 4593699 2
2230899496 Q0 8743165 2
2230899496 Q0 80805 0
2230899496 Q0 3525492 0
2230899496 Q0 1895150 1
2230899496 Q0 5117894 1
2230899496 Q0 7421194 0
2230899496 Q0 2931603 2
2230899496 Q0 303530 1
2230899496 Q0 6559903 1
2230899496 Q0 8542441 1
2230899496 Q0 502321 1
2230899496 Q0 303537 1
2230899496 Q0 5745795 2
2230899496 Q0 5479110 0
2230899496 Q0 5390070 1
2230899496 Q0 6682765 1
2230899496 Q0 8542436 1
2230899496 Q0 2608534 0
2230899496 Q0 3603774 0
2230899496 Q0 1684265 1
2230899496 Q0 303531 0
2230899496 Q0 3106073 1
2230899496 Q0 3276254 0
2230899496 Q0 7915121 0
2230899496 Q0 6977796 2
2230899496 Q0 5177949 1
109323 Q0 4225549 3
109323 Q0 674577 0
109323 Q0 7880025 0
109323 Q0 1419624 0
109323 Q0 4155758 0
109323 Q0 5288534 0
109323 Q0 7880017 0
109323 Q0 1419622 0
109323 Q0 4792484 0
109323 Q0 6302402 2
109323 Q0 5931561 0
109323 Q0 4155759 0
109323 Q0 1419620 0
109323 Q0 7054129 0
109323 Q0 674580 0
109323 Q0 7880021 0
109323 Q0 7880020 0
109323 Q0 7880022 0
109323 Q0 674578 0
109323 Q0 4909825 0
109323 Q0 7880019 0
109323 Q0 1843022 0
109323 Q0 7792794 1
109323 Q0 4538660 0
109323 Q0 5858604 0
109323 Q0 4531994 0
109323 Q0 8598595 0
109323 Q0 674574 0
109323 Q0 1690341 0
109323 Q0 6097169 0
109323 Q0 7721662 0
109323 Q0 5252649 0
109323 Q0 4046225 0
109323 Q0 2341571 0
109873 Q0 1697253 3
109873 Q0 3485928 0
109873 Q0 6916419 0
109873 Q0 3104624 0
109873 Q0 7773677 0
109873 Q0 5418259 0
109873 Q0 8782357 0
109873 Q0 4784814 0
109873 Q0 803396 0
109873 Q0 245401 0
109873 Q0 2239089 0
109873 Q0 3881338 0
109873 Q0 3424546 0
109873 Q0 246878 0
109873 Q0 3435743 0
109873 Q0 3842116 0
109873 Q0 2304156 0
109873 Q0 4498588 0
109873 Q0 5418256 0
109873 Q0 8740042 0
109873 Q0 803805 0
109873 Q0 7273825 0
109873 Q0 7995836 1
109873 Q0 8346919 0
109873 Q0 3435739 0
109873 Q0 1293370 0
109873 Q0 4739871 0
109873 Q0 8154022 0
109873 Q0 4827007 0
109873 Q0 3432963 0
109873 Q0 56380 0
109873 Q0 7015026 0
109873 Q0 2067206 0
109873 Q0 705441 0
109873 Q0 6012919 0
109873 Q0 3357742 0
109873 Q0 384429 0
109873 Q0 8407738 0
109873 Q0 4827011 0
109873 Q0 7237343 0
109873 Q0 8553589 0
109873 Q0 2552852 0
109873 Q0 4518493 0
109873 Q0 1065130 0
109873 Q0 1031264 0
109873 Q0 7963262 0
109873 Q0 7288609 0
109873 Q0 6012921 0
109873 Q0 7509929 0
109873 Q0 1496134 0
109873 Q0 7995838 1
109873 Q0 227916 0
109873 Q0 2745304 0
109873 Q0 803389 0
109873 Q0 7535586 0
109873 Q0 2055516 0
109873 Q0 3282593 0
109873 Q0 4104659 0
109873 Q0 4500838 0
109873 Q0 4026689 0
109873 Q0 2712829 0
109873 Q0 1528245 0
109873 Q0 3291830 0
109873 Q0 7267272 0
109873 Q0 4481736 0
109873 Q0 1143254 0
109873 Q0 246876 0
109873 Q0 2129776 0
109873 Q0 2239097 0
109873 Q0 4757998 0
109873 Q0 5346281 0
109873 Q0 6712611 0
109873 Q0 5655780 0
109873 Q0 8747005 0
109873 Q0 8156607 0
109873 Q0 7289515 0
109873 Q0 1050044 0
109873 Q0 1716672 0
109873 Q0 5985671 0
109873 Q0 5206259 0
109873 Q0 5088012 0
109873 Q0 4169355 0
109873 Q0 8478265 0
109873 Q0 3034459 0
109873 Q0 7891903 0
109873 Q0 6327285 0
109873 Q0 6075940 0
109873 Q0 3291826 0
109873 Q0 4524285 0
104925 Q0 6031565 2
104925 Q0 2337985 3
104925 Q0 1368305 3
104925 Q0 4641330 2
104925 Q0 1123682 1
104925 Q0 7592305 1
104925 Q0 7249742 2
104925 Q0 7592299 2
104925 Q0 2067709 1
104925 Q0 2179323 2
104925 Q0 7039457 1
104925 Q0 6369703 2
104925 Q0 1738786 2
104925 Q0 350187 2
104925 Q0 1953707 1
104925 Q0 6927654 2
104925 Q0 6031564 2
104925 Q0 2995689 2
104925 Q0 915858 1
104925 Q0 6031566 2
104925 Q0 5918347 2
104925 Q0 6840190 1
104925 Q0 6191578 1
104925 Q0 4905987 2
104925 Q0 2139732 2
104925 Q0 1545840 1
104925 Q0 915865 1
104925 Q0 6064078 2
104925 Q0 5880443 2
104925 Q0 1368306 2
104925 Q0 5965547 1
104925 Q0 447340 2
104925 Q0 6569577 1
104925 Q0 259742 0
104925 Q0 2473045 2
104925 Q0 5490562 1
104925 Q0 1603893 2
104925 Q0 7249745 2
104925 Q0 6064076 2
104925 Q0 8432968 1
104925 Q0 8072850 2
104925 Q0 6031568 2
104925 Q0 6275685 2
104925 Q0 562442 0
104925 Q0 7408396 1
104925 Q0 6277665 1
104925 Q0 8580940 1
104925 Q0 2428329 0
108039 Q0 7756053 0
108039 Q0 8505131 3
108039 Q0 5278097 0
108039 Q0 3951280 1
108039 Q0 7508739 0
108039 Q0 2640709 0
108039 Q0 5746230 1
108039 Q0 931226 1
108039 Q0 4627055 0
108039 Q0 4081479 0
108039 Q0 7203544 1
108039 Q0 3751869 0
108039 Q0 1105912 2
108039 Q0 2362874 0
108039 Q0 2161251 1
108039 Q0 3350339 0
108039 Q0 8523808 0
108039 Q0 3198822 0
108039 Q0 266857 0
108039 Q0 3751863 0
108039 Q0 8153715 0
108039 Q0 3557159 1
108039 Q0 1105915 3
108039 Q0 4112512 0
108039 Q0 8069956 0
108039 Q0 6672547 1
108039 Q0 2556721 0
108039 Q0 4151055 0
108039 Q0 2519007 1
108039 Q0 499486 0
108039 Q0 4281421 2
108039 Q0 3509888 0
108039 Q0 6679741 2
108039 Q0 154849 0
108039 Q0 3477988 0
108039 Q0 6535427 0
108039 Q0 8484930 0
108039 Q0 7508734 0
108039 Q0 5547805 0
108039 Q0 1547337 0
108039 Q0 1105916 3
108039 Q0 1874511 2
108039 Q0 2843291 1
108039 Q0 5544318 0
108039 Q0 5657765 1
108039 Q0 8674057 0
108039 Q0 499485 0
108039 Q0 4281419 1
108039 Q0 479256 1
108039 Q0 4561453 0
108039 Q0 1105913 3
108039 Q0 3477991 0
108039 Q0 8674052 0
108039 Q0 4332893 1
108039 Q0 1371080 0
108039 Q0 2324371 0
108039 Q0 5311847 1
108039 Q0 308486 0
108039 Q0 8838525 0
108039 Q0 1694716 0
108039 Q0 3673055 0
108039 Q0 262435 1
108039 Q0 3673056 0
108039 Q0 6721134 0
108039 Q0 2967839 0
108039 Q0 1713517 0
108039 Q0 4910412 0
108039 Q0 1120481 0
108039 Q0 4229333 0
108039 Q0 7531008 0
108039 Q0 4191924 0
108039 Q0 7207172 0
108039 Q0 3720417 0
108039 Q0 3433689 0
108039 Q0 8089563 0
108039 Q0 3852256 0
108039 Q0 2034180 0
108039 Q0 3477990 0
108039 Q0 3909130 0
108039 Q0 3742527 0
108039 Q0 6679736 2
108039 Q0 2648283 0
108039 Q0 4332891 0
108039 Q0 1626353 0
108039 Q0 1576747 1
108039 Q0 3905340 0
108039 Q0 7881032 1
108039 Q0 3433693 0
108039 Q0 2552344 0
108039 Q0 4970749 0
108039 Q0 7537045 0
108039 Q0 2037907 1
108039 Q0 5634086 0
108039 Q0 8166407 0
108039 Q0 4438832 1
108039 Q0 641502 2
108039 Q0 1105911 3
108039 Q0 5980630 0
108039 Q0 3669695 0
108039 Q0 6679733 3
108039 Q0 430682 0
110090 Q0 7659706 1
110090 Q0 1819802 0
110090 Q0 3295084 3
110090 Q0 3295082 1
110090 Q0 2027214 0
110090 Q0 5025180 1
110090 Q0 5856701 0
110090 Q0 8229540 0
110090 Q0 4568840 3
110090 Q0 3865342 0
110090 Q0 6654160 0
110090 Q0 5143796 0
110090 Q0 7679560 1
110090 Q0 2814710 0
110090 Q0 5337377 0
110090 Q0 5745299 1
110090 Q0 2532517 1
110090 Q0 7755023 0
110090 Q0 3606687 0
110090 Q0 1510381 0
110090 Q0 1646948 0
110090 Q0 5096929 0
110090 Q0 8755398 0
110090 Q0 3529964 1
110090 Q0 5505855 0
110090 Q0 2608540 0
110090 Q0 3295079 0
110090 Q0 7708389 0
110090 Q0 763391 1
110090 Q0 5025185 1
110090 Q0 5304004 0
110090 Q0 7290451 0
110090 Q0 2525526 0
110090 Q0 5664333 0
110090 Q0 5382260 0
110090 Q0 5935387 0
110090 Q0 3269017 0
110090 Q0 7154191 0
110090 Q0 1766184 0
110090 Q0 8684672 0
110090 Q0 8664306 1
110090 Q0 3608272 2
110090 Q0 3145433 0
110090 Q0 6136120 0
110090 Q0 5165998 0
110090 Q0 5856699 0
110090 Q0 2982568 0
110090 Q0 681486 0
110090 Q0 6742196 0
110090 Q0 2453091 0
110090 Q0 732775 0
110090 Q0 1535729 0
110090 Q0 4047616 0
110090 Q0 3295087 1
110090 Q0 8011044 0
110090 Q0 6775067 0
110090 Q0 5192016 0
110090 Q0 3295085 0
110090 Q0 8538561 0
110090 Q0 7617717 0
110090 Q0 7598117 0
110090 Q0 5145816 0
110090 Q0 5455349 0
110090 Q0 1337098 1
110090 Q0 3854933 0
110090 Q0 1959917 1
110090 Q0 276152 0
110090 Q0 99134 0
110090 Q0 4749731 1
110090 Q0 6992375 0
110090 Q0 5597466 0
110090 Q0 8349261 0
110090 Q0 5333176 0
110090 Q0 8083320 0
110090 Q0 199491 0
110090 Q0 3505173 0
110090 Q0 6654159 0
103963 Q0 6589941 3
103963 Q0 5964743 0
103963 Q0 5848403 0
103963 Q0 7712914 0
103963 Q0 4583699 2
103963 Q0 4852940 2
103963 Q0 7712911 0
103963 Q0 7712908 0
103963 Q0 5042400 0
103963 Q0 5848400 0
103963 Q0 7712913 0
103963 Q0 6589937 0
103963 Q0 2677857 0
103963 Q0 3156094 0
103963 Q0 6860069 0
103963 Q0 5630575 0
103963 Q0 5630579 0
103963 Q0 3457150 0
103963 Q0 5042397 0
103963 Q0 6918574 0
103963 Q0 5848405 0
103963 Q0 6589942 0
103963 Q0 4257372 0
103963 Q0 2677859 2
103963 Q0 6958245 0
103963 Q0 6290287 0
103963 Q0 6860070 0
103963 Q0 5630574 0
103963 Q0 2200955 0
103963 Q0 4656652 0
103963 Q0 5630578 0
103963 Q0 6176990 0
103963 Q0 186422 1
103963 Q0 6715397 0
103963 Q0 6290291 0
103963 Q0 4583700 1
103963 Q0 6695782 0
103963 Q0 7303374 0
103963 Q0 6506161 0
103963 Q0 3977791 0
103963 Q0 6290284 0
103963 Q0 6594373 0
109410 Q0 2527562 0
109410 Q0 6079863 0
109410 Q0 1781497 0
109410 Q0 3436964 0
109410 Q0 5612234 1
109410 Q0 4236293 0
109410 Q0 951267 0
109410 Q0 4407918 0
109410 Q0 5362069 0
109410 Q0 8248031 0
109410 Q0 3396046 0
109410 Q0 1246354 0
109410 Q0 4511567 0
109410 Q0 2450080 0
109410 Q0 5074648 0
109410 Q0 4442515 0
109410 Q0 1781494 0
109410 Q0 5003877 0
109410 Q0 7981308 0
109410 Q0 6550698 0
109410 Q0 6407355 0
109410 Q0 2823907 0
109410 Q0 4934935 2
109410 Q0 1410017 0
109410 Q0 5147587 0
109410 Q0 4977065 0
109410 Q0 2918836 0
109410 Q0 198137 0
109410 Q0 8107093 0
109410 Q0 4585469 0
109410 Q0 6412326 0
109410 Q0 7087974 0
109410 Q0 6126851 0
109410 Q0 2918837 0
109410 Q0 5481726 0
109410 Q0 8046981 0
109410 Q0 6847603 0
109410 Q0 5362068 0
109410 Q0 6143433 2
109410 Q0 6397912 0
109410 Q0 1463011 0
109410 Q0 4564724 0
109410 Q0 2338911 0
109410 Q0 7632742 0
109410 Q0 469913 0
109410 Q0 8306542 0
109410 Q0 2450086 0
109410 Q0 1782125 0
109410 Q0 3945240 0
109410 Q0 5136110 1
109410 Q0 3989790 0
109410 Q0 1921657 0
109410 Q0 4141337 0
109410 Q0 449931 0
109410 Q0 4182196 0
109410 Q0 4783508 0
109410 Q0 8190586 0
109410 Q0 3030822 1
109410 Q0 1921659 0
109410 Q0 4952277 0
109410 Q0 5738094 0
109410 Q0 469914 0
109410 Q0 8174074 1
109410 Q0 4934934 1
109410 Q0 4692344 0
109410 Q0 3347835 0
109410 Q0 628244 0
109410 Q0 7939235 0
109410 Q0 8134525 0
109410 Q0 4331378 0
109410 Q0 621237 0
109410 Q0 1407010 0
109410 Q0 1490646 0
109410 Q0 621236 0
109410 Q0 5280203 0
109410 Q0 2514709 0
109410 Q0 6245048 1
109410 Q0 6908335 0
109410 Q0 1184719 0
109410 Q0 8248033 0
109410 Q0 4783502 0
105826 Q0 236836 0
105826 Q0 8339865 3
105826 Q0 3536938 0
105826 Q0 8339866 3
105826 Q0 6968114 0
105826 Q0 408665 0
105826 Q0 2833430 3
105826 Q0 1440500 0
105826 Q0 8238415 0
105826 Q0 4362957 2
105826 Q0 7920843 0
105826 Q0 4983758 0
105826 Q0 4362954 3
105826 Q0 6331077 0
105826 Q0 6608695 0
105826 Q0 4362956 3
105826 Q0 408666 0
105826 Q0 4914564 0
105826 Q0 6595493 0
105826 Q0 6595498 0
105826 Q0 1094704 0
105826 Q0 6595496 0
105826 Q0 5352809 0
105826 Q0 4362951 3
105826 Q0 3406615 0
105826 Q0 6315387 0
105826 Q0 3406619 0
105826 Q0 3367538 0
105826 Q0 8205506 0
105826 Q0 6595500 0
105826 Q0 4869900 0
105826 Q0 7222787 0
105826 Q0 3428691 0
105826 Q0 4362958 3
105826 Q0 4362950 3
105826 Q0 4362952 3
105826 Q0 7976394 0
105826 Q0 5236115 1
105826 Q0 6595495 0
105826 Q0 3201570 1
105826 Q0 4611074 0
105826 Q0 2324273 0
105826 Q0 8038018 0
105826 Q0 273921 0
105826 Q0 3456400 0
105826 Q0 7920838 0
105826 Q0 5234872 0
105826 Q0 5241524 3
105826 Q0 3805208 0
105826 Q0 6608700 0
105826 Q0 3463296 0
105826 Q0 219508 0
105826 Q0 5241525 3
105826 Q0 4482031 0
105826 Q0 4362953 0
105826 Q0 1610302 0
105826 Q0 1711174 0
105826 Q0 6595499 0
105826 Q0 6595494 0
105826 Q0 6855337 0
105826 Q0 8349150 0
104867 Q0 2737227 2
104867 Q0 1267670 0
104867 Q0 2938161 1
104867 Q0 2737232 3
104867 Q0 480564 0
104867 Q0 706913 0
104867 Q0 2737228 3
104867 Q0 721251 0
104867 Q0 2737230 1
104867 Q0 7668277 0
104867 Q0 3824634 0
104867 Q0 711156 0
104867 Q0 4114934 2
104867 Q0 2938162 2
104867 Q0 706908 0
104867 Q0 1277076 0
104867 Q0 3174994 0
104867 Q0 1277069 0
104867 Q0 7668272 0
104867 Q0 2530358 0
104867 Q0 7829099 1
104867 Q0 1277070 0
104867 Q0 2938159 0
104867 Q0 4114935 1
104867 Q0 1277071 0
104867 Q0 2411242 0
104867 Q0 3174998 0
104867 Q0 711164 1
104867 Q0 1267667 0
104867 Q0 7778586 1
108875 Q0 8503601 2
108875 Q0 7293839 1
108875 Q0 7743889 3
108875 Q0 7293843 2
108875 Q0 4723143 0
108875 Q0 7293846 1
108875 Q0 7293841 1
108875 Q0 151061 1
108875 Q0 8547099 0
108875 Q0 151056 1
108875 Q0 1653785 2
108875 Q0 4556322 0
108875 Q0 3328491 2
108875 Q0 4200059 0
108875 Q0 283226 0
108875 Q0 26808 0
108875 Q0 8547103 0
108875 Q0 6931076 0
108875 Q0 7293842 1
108875 Q0 3518266 0
108875 Q0 7323635 0
108875 Q0 5058175 1
108875 Q0 939742 0
108875 Q0 4147965 1
108875 Q0 7293844 1
108875 Q0 4408069 1
108875 Q0 517862 0
108875 Q0 1462285 0
108875 Q0 8487229 0
108875 Q0 711015 0
108875 Q0 3166041 2
108875 Q0 4988897 1
108875 Q0 2769727 1
108875 Q0 2258306 0
108875 Q0 8503595 1
108875 Q0 1165906 0
108875 Q0 6847209 0
108875 Q0 5106663 0
108875 Q0 7293840 1
108875 Q0 4277180 1
108875 Q0 5058177 1
108875 Q0 2743067 0
108875 Q0 710999 0
108875 Q0 8806461 1
108875 Q0 7989484 0
108875 Q0 3962385 0
108875 Q0 8503599 2
108875 Q0 151053 0
108875 Q0 1181488 1
110271 Q0 324055 2
110271 Q0 2309957 0
110271 Q0 2382710 0
110271 Q0 2382714 0
110271 Q0 5192459 0
110271 Q0 2420264 0
110271 Q0 5193781 0
110271 Q0 1548710 3
110271 Q0 5061673 0
110271 Q0 8056081 1
110271 Q0 5061675 1
110271 Q0 8210931 0
110271 Q0 5151456 0
110271 Q0 2420265 0
110271 Q0 7553673 0
110271 Q0 8186493 0
110271 Q0 3227909 0
110271 Q0 1548713 0
110271 Q0 6747361 0
110271 Q0 3251418 0
110271 Q0 324056 0
110271 Q0 7553666 0
110271 Q0 5579688 0
110271 Q0 5061669 0
110271 Q0 1314643 0
110271 Q0 1116891 0
110271 Q0 2631623 0
110271 Q0 4181054 0
110271 Q0 8186488 0
110271 Q0 2420273 0
110271 Q0 2420269 0
110271 Q0 2420267 0
110271 Q0 7553667 0
110271 Q0 2420266 0
110271 Q0 2166743 0
110271 Q0 5439981 0
110271 Q0 4557376 0
110271 Q0 3205466 0
110271 Q0 4486890 0
110271 Q0 6573635 0
110271 Q0 5936990 0
110271 Q0 1314641 0
110271 Q0 2420271 0
110271 Q0 6747364 0
110271 Q0 2382712 0
110271 Q0 53701 0
110271 Q0 5061674 0
110271 Q0 3014077 0
110271 Q0 8142518 0
110271 Q0 2420272 0
110271 Q0 8539450 0
110271 Q0 3483539 0
110271 Q0 6099165 0
110271 Q0 3927184 0
110271 Q0 2818254 0
110271 Q0 740886 0
110271 Q0 6747363 0
110271 Q0 3511332 0
99450 Q0 8068451 2
99450 Q0 1665744 0
99450 Q0 253832 0
99450 Q0 8152704 0
99450 Q0 8068447 2
99450 Q0 3756374 0
99450 Q0 5991586 0
99450 Q0 7570804 0
99450 Q0 1417879 0
99450 Q0 6065093 0
99450 Q0 4062211 0
99450 Q0 8403512 0
99450 Q0 290746 0
99450 Q0 1588142 0
99450 Q0 6771310 0
99450 Q0 1455688 0
99450 Q0 4669577 0
99450 Q0 2416852 0
99450 Q0 6958218 0
99450 Q0 37312 1
99450 Q0 2187635 0
99450 Q0 2076019 0
99450 Q0 2817687 0
99450 Q0 5555996 0
99450 Q0 1528688 0
99450 Q0 2741855 0
99450 Q0 7229988 0
99450 Q0 4125900 0
99450 Q0 6771297 0
99450 Q0 1992747 0
99450 Q0 2741852 0
99450 Q0 2556538 0
99450 Q0 1214564 0
99450 Q0 2409009 0
99450 Q0 881195 0
99450 Q0 6845816 0
99450 Q0 3790083 0
99450 Q0 8578179 0
99450 Q0 522892 0
99450 Q0 8701516 0
99450 Q0 7970963 0
99450 Q0 7597675 0
99450 Q0 8403504 0
99450 Q0 810294 0
99450 Q0 586793 0
99450 Q0 8578173 0
99450 Q0 4040832 0
99450 Q0 6886670 0
99450 Q0 1565087 0
99450 Q0 5226496 0
99450 Q0 1998299 0
99450 Q0 2556535 0
99450 Q0 2409011 0
99450 Q0 2790450 0
99450 Q0 1635150 0
99450 Q0 2224191 0
99450 Q0 3994420 0
99450 Q0 1200085 0
99450 Q0 8294469 0
99450 Q0 1405359 0
99450 Q0 3790087 0
99450 Q0 5818584 0
99450 Q0 8246765 0
99450 Q0 8024662 0
99450 Q0 2547736 0
99450 Q0 2950108 0
99450 Q0 7776340 0
99450 Q0 6904010 0
99450 Q0 8246768 0
99450 Q0 3299494 0
99450 Q0 8208266 0
99450 Q0 776395 0
99450 Q0 7866588 0
99450 Q0 2213791 0
99450 Q0 6723849 0
99450 Q0 8763096 0
99450 Q0 8038593 0
99450 Q0 8202198 0
99450 Q0 7972014 0
99450 Q0 4610201 0
99450 Q0 4787621 0
99450 Q0 8189208 0
99636 Q0 7694769 1
99636 Q0 2850996 1
99636 Q0 2850991 1
99636 Q0 2773176 2
99636 Q0 1183152 0
99636 Q0 1797978 1
99636 Q0 8694487 0
99636 Q0 5625999 0
99636 Q0 2077322 0
99636 Q0 3647079 1
99636 Q0 557748 1
99636 Q0 6631418 1
99636 Q0 4840902 1
99636 Q0 5988745 1
99636 Q0 8024264 1
99636 Q0 3300932 1
99636 Q0 8305012 1
99636 Q0 4838362 1
99636 Q0 3028899 1
99636 Q0 5353836 0
99636 Q0 2926417 1
99636 Q0 4479505 0
99636 Q0 5314640 1
99636 Q0 8118448 1
99636 Q0 1377733 1
99636 Q0 7691084 1
99636 Q0 1402956 1
99636 Q0 2926419 1
99636 Q0 3384416 1
99636 Q0 8305013 1
99636 Q0 6260439 1
99636 Q0 1814058 0
99636 Q0 4801850 0
99636 Q0 6033532 0
99636 Q0 5980874 1
99636 Q0 5625998 1
99636 Q0 414455 1
99636 Q0 6033533 1
99636 Q0 5239669 1
99636 Q0 8010793 0
99636 Q0 5980875 1
99636 Q0 3080899 0
99636 Q0 8094757 1
99636 Q0 5626003 1
99636 Q0 1814053 0
99636 Q0 1815496 0
99636 Q0 8790795 1
99636 Q0 1285537 0
99636 Q0 6100283 1
99636 Q0 5254330 1
99636 Q0 414458 1
99636 Q0 6868829 0
99636 Q0 1402953 1
99636 Q0 4854800 0
99636 Q0 3359466 0
99636 Q0 5274208 1
99636 Q0 4042269 1
99636 Q0 1921211 1
99636 Q0 1037973 1
99636 Q0 8155750 0
99636 Q0 5980876 1
99636 Q0 5626004 1
99636 Q0 3589458 1
99636 Q0 6290427 0
104063 Q0 609662 1
104063 Q0 3686653 1
104063 Q0 8773375 2
104063 Q0 7377587 1
104063 Q0 1914081 1
104063 Q0 2271377 1
104063 Q0 5574909 2
104063 Q0 6412689 1
104063 Q0 5574911 2
104063 Q0 1658311 1
104063 Q0 3564117 2
104063 Q0 2378279 1
104063 Q0 8285783 1
104063 Q0 3648290 2
104063 Q0 1199013 2
104063 Q0 6497867 1
104063 Q0 1587707 2
104063 Q0 5808432 2
104063 Q0 5808440 2
104063 Q0 8121202 1
104063 Q0 6710381 1
104063 Q0 3880011 2
104063 Q0 4463820 0
104063 Q0 2005996 1
104063 Q0 4565383 2
104063 Q0 4225761 2
104063 Q0 3471514 1
104063 Q0 3788918 1
104063 Q0 3166028 2
104063 Q0 5130656 1
104063 Q0 2971074 0
104063 Q0 7429143 2
104063 Q0 7238350 1
104063 Q0 1874474 0
104063 Q0 8236274 1
104063 Q0 6117586 1
104063 Q0 4222015 2
104063 Q0 5664719 2
104063 Q0 8790913 2
104063 Q0 2270607 2
104063 Q0 5101155 2
104063 Q0 739386 1
104063 Q0 2632998 0
104063 Q0 7871180 2
104063 Q0 1874476 0
104063 Q0 3880012 2
104063 Q0 6484196 2
104063 Q0 4225767 2
104063 Q0 6317670 2
104063 Q0 6220194 2
104063 Q0 7546989 2
104063 Q0 6478130 2
104063 Q0 5522086 2
104063 Q0 6488578 0
104063 Q0 6692933 0
104063 Q0 4719664 2
104063 Q0 5510267 2
104063 Q0 5815901 1
104063 Q0 1972930 2
104063 Q0 605377 1
104063 Q0 6815653 1
104063 Q0 5808433 2
104063 Q0 4355750 2
104063 Q0 1387435 0
104063 Q0 5705444 2
104063 Q0 842359 2
104063 Q0 8533754 1
104063 Q0 3358957 2
104063 Q0 3648285 2
104063 Q0 8721975 2
104063 Q0 1258057 2
104063 Q0 4092074 2
104063 Q0 4847800 0
104063 Q0 7240606 1
104063 Q0 6999594 2
104063 Q0 4860361 1
109978 Q0 4870823 3
109978 Q0 2596206 3
109978 Q0 2924025 0
109978 Q0 7442320 2
109978 Q0 4870822 3
109978 Q0 2596203 1
109978 Q0 3155542 0
109978 Q0 8569453 0
109978 Q0 8218642 1
109978 Q0 4039543 1
109978 Q0 7903723 0
109978 Q0 2596204 2
109978 Q0 4870815 3
109978 Q0 437295 0
109978 Q0 5732036 0
109978 Q0 3174335 3
109978 Q0 4745543 0
109978 Q0 559202 1
109978 Q0 1295125 0
109978 Q0 5294592 1
109978 Q0 4752320 0
109978 Q0 2596209 1
109978 Q0 4118210 0
109978 Q0 4870817 3
109978 Q0 672296 0
109978 Q0 8301099 0
109978 Q0 4379517 0
109978 Q0 2596207 2
109978 Q0 8687041 1
109978 Q0 2596205 1
109978 Q0 455469 0
109978 Q0 1902883 0
109978 Q0 3580484 2
109978 Q0 3928395 0
109978 Q0 7614080 1
109978 Q0 8218645 0
109978 Q0 4870816 3
109978 Q0 2529838 0
109978 Q0 7816226 0
109978 Q0 7232530 1
109978 Q0 8218646 1
109978 Q0 327688 0
109978 Q0 2712542 0
109978 Q0 7973773 0
109978 Q0 3174328 3
109978 Q0 4669663 0
109978 Q0 951091 0
109978 Q0 452208 0
109978 Q0 8687049 3
109978 Q0 4173060 1
109978 Q0 5632197 0
109978 Q0 1548233 0
109978 Q0 5732035 0
109978 Q0 3174336 2
109978 Q0 5739407 0
109978 Q0 1726255 0
109978 Q0 2258808 1
109978 Q0 147829 0
109978 Q0 544877 0
109978 Q0 2903851 0
109978 Q0 4870821 0
109978 Q0 8777090 0
109978 Q0 191358 0
109978 Q0 5269150 0
109978 Q0 2226665 0
109978 Q0 7903724 0
109978 Q0 6114361 0
104002 Q0 5605086 3
104002 Q0 7675062 0
104002 Q0 5605087 3
104002 Q0 1745132 0
104002 Q0 6354771 0
104002 Q0 3457405 0
104002 Q0 4084664 0
104002 Q0 5605080 2
104002 Q0 3196780 0
104002 Q0 8004174 0
104002 Q0 6720446 0
104002 Q0 5910666 1
104002 Q0 2271845 0
104002 Q0 3457409 0
104002 Q0 379409 0
104002 Q0 505283 1
104002 Q0 8403523 1
104002 Q0 5932842 0
104002 Q0 4203084 0
104002 Q0 7917168 0
104002 Q0 6993823 0
104002 Q0 4842191 1
104002 Q0 2432039 0
104002 Q0 3559156 0
104002 Q0 3196781 0
104002 Q0 759988 1
104002 Q0 5605084 1
104002 Q0 4261880 0
104002 Q0 677557 0
104002 Q0 684180 1
104002 Q0 1383950 1
104002 Q0 677560 0
104002 Q0 5910658 2
104002 Q0 3977661 0
104002 Q0 4261882 0
104002 Q0 717637 2
104002 Q0 4706185 0
104002 Q0 8430454 0
104002 Q0 8262393 0
104002 Q0 5605085 0
104002 Q0 3496869 0
104002 Q0 5503741 1
104002 Q0 6452327 0
104002 Q0 4087594 0
104002 Q0 379411 0
104002 Q0 1440023 1
104002 Q0 8254450 0
104002 Q0 3809830 1
104002 Q0 5306759 1
104002 Q0 6097528 0
104002 Q0 2023988 0
104002 Q0 5516923 0
104002 Q0 759987 2
104002 Q0 4084665 0
104002 Q0 8616014 0
104002 Q0 2289249 0
104002 Q0 6785593 0
104002 Q0 5927318 0
104002 Q0 1013213 0
104002 Q0 5796738 0
104002 Q0 1383951 1
104002 Q0 3289679 0
104002 Q0 6523855 0
104002 Q0 1984295 1
104002 Q0 1390426 0
103983 Q0 4499580 3
103983 Q0 4575461 2
103983 Q0 4965012 2
103983 Q0 594473 0
103983 Q0 3757554 0
103983 Q0 4499578 2
103983 Q0 8406170 3
103983 Q0 5099261 1
103983 Q0 4373703 0
103983 Q0 613447 0
103983 Q0 594476 0
103983 Q0 4575467 3
103983 Q0 8001178 2
103983 Q0 4575468 2
103983 Q0 4575463 2
103983 Q0 8395830 0
103983 Q0 5996798 0
103983 Q0 8001176 2
103983 Q0 8395835 0
103983 Q0 3929683 0
103983 Q0 5160728 0
103983 Q0 8661861 0
103983 Q0 8467798 0
103983 Q0 1141784 0
103983 Q0 6819974 0
103983 Q0 7528255 0
103983 Q0 4575466 0
103983 Q0 5046805 1
103983 Q0 5700936 0
103983 Q0 4287244 0
103983 Q0 7323696 0
103983 Q0 5768699 0
103983 Q0 6386093 0
103983 Q0 1465610 0
103983 Q0 8001174 0
103983 Q0 5099262 1
103983 Q0 6312153 0
103983 Q0 3507790 0
103983 Q0 4708900 0
103983 Q0 2802641 0
103983 Q0 7213198 0
103983 Q0 8001173 0
103983 Q0 7125777 0
102400 Q0 2994667 3
102400 Q0 4569815 2
102400 Q0 3438319 2
102400 Q0 2618339 0
102400 Q0 7829804 1
102400 Q0 6978427 0
102400 Q0 4640488 0
102400 Q0 4569810 1
102400 Q0 3626572 0
102400 Q0 3109143 1
102400 Q0 2618343 0
102400 Q0 297500 1
102400 Q0 2629346 0
102400 Q0 4569809 1
102400 Q0 297494 1
102400 Q0 6824672 0
102400 Q0 4640495 0
102400 Q0 4910988 0
102400 Q0 3956465 1
102400 Q0 5629797 2
102400 Q0 4468174 0
102400 Q0 155388 1
102400 Q0 7990093 0
102400 Q0 3386913 0
102400 Q0 4314552 0
102400 Q0 7576855 0
102400 Q0 4333231 0
102400 Q0 4636329 1
102400 Q0 1417202 0
102400 Q0 7898139 0
102400 Q0 7604176 0
102400 Q0 7295151 0
102400 Q0 379476 0
102400 Q0 7459679 0
102400 Q0 6755060 2
102400 Q0 8551890 1
102400 Q0 5289258 0
102400 Q0 5969495 0
102400 Q0 627061 0
102400 Q0 8587506 0
102400 Q0 3460102 2
102400 Q0 4707838 0
102400 Q0 1599838 2
102400 Q0 8751835 1
102400 Q0 6880791 0
102400 Q0 266430 0
102400 Q0 4536538 2
102400 Q0 7533919 0
102400 Q0 360151 0
102400 Q0 2618346 0
102400 Q0 3297670 0
102400 Q0 2528761 0
102400 Q0 2629351 0
102400 Q0 6464925 2
102400 Q0 6959919 0
102400 Q0 4910989 0
102400 Q0 8206391 0
102400 Q0 2370608 0
102400 Q0 4314556 0
102400 Q0 7324120 0
102400 Q0 6824669 1
102400 Q0 155393 0
102400 Q0 3337664 0
102400 Q0 6610022 2
102400 Q0 6824668 1
102400 Q0 6464923 1
102400 Q0 5864720 0
102400 Q0 6800524 0
102400 Q0 3944667 0
102400 Q0 8551889 1
109537 Q0 7427003 3
109537 Q0 3885671 2
109537 Q0 2603259 2
109537 Q0 5863645 0
109537 Q0 1913372 0
109537 Q0 4379005 3
109537 Q0 1373514 2
109537 Q0 8291652 1
109537 Q0 7914211 2
109537 Q0 5005155 0
109537 Q0 3236087 0
109537 Q0 5260505 2
109537 Q0 3408056 2
109537 Q0 441045 2
109537 Q0 3408057 2
109537 Q0 7427006 2
109537 Q0 5005158 0
109537 Q0 1165534 2
109537 Q0 4379006 3
109537 Q0 514491 3
109537 Q0 1974143 0
109537 Q0 1223929 2
109537 Q0 4379011 2
109537 Q0 3238905 0
109537 Q0 8598379 2
109537 Q0 137723 2
109537 Q0 6619400 0
109537 Q0 3408065 2
109537 Q0 4870466 2
109537 Q0 5694324 2
109537 Q0 2174198 0
109537 Q0 1165536 0
109537 Q0 2125194 1
109537 Q0 7890567 1
109537 Q0 5716050 2
109537 Q0 2324403 2
109537 Q0 5716047 2
109537 Q0 5761803 1
109537 Q0 341752 0
109537 Q0 979750 2
104037 Q0 4022269 2
104037 Q0 4346289 2
104037 Q0 3955185 1
104037 Q0 4022270 1
104037 Q0 3955178 2
104037 Q0 7942348 0
104037 Q0 678036 2
104037 Q0 8249718 2
104037 Q0 5424142 2
104037 Q0 8500553 2
104037 Q0 3955183 2
104037 Q0 455789 0
104037 Q0 4022266 2
104037 Q0 678041 1
104037 Q0 3074287 2
104037 Q0 4346285 2
104037 Q0 2683677 1
104037 Q0 678034 0
104037 Q0 1667587 2
104037 Q0 4398584 2
104037 Q0 4974728 0
104037 Q0 867021 0
104037 Q0 3767607 0
104037 Q0 3191632 1
104037 Q0 8395191 1
104037 Q0 5770920 1
104037 Q0 3191633 2
104037 Q0 8474865 1
104037 Q0 2500035 0
104037 Q0 4398583 1
104037 Q0 7428001 0
104037 Q0 4398590 2
104037 Q0 455791 1
104037 Q0 6907423 2
104037 Q0 3074288 3
104037 Q0 1423143 0
104037 Q0 1667586 1
111026 Q0 3228057 3
111026 Q0 1883893 3
111026 Q0 7366048 0
111026 Q0 4954267 0
111026 Q0 458370 1
111026 Q0 4160402 0
111026 Q0 458368 0
111026 Q0 1883894 3
111026 Q0 5134675 1
111026 Q0 7014758 0
111026 Q0 5520659 0
111026 Q0 2757543 0
111026 Q0 7814303 1
111026 Q0 3139575 0
111026 Q0 5223308 1
111026 Q0 2364529 0
111026 Q0 7862858 0
111026 Q0 4900801 0
111026 Q0 3228064 1
111026 Q0 1883890 0
111026 Q0 3239415 1
111026 Q0 3228065 2
111026 Q0 4879404 0
111026 Q0 7862853 0
111026 Q0 7263338 0
111026 Q0 7943597 0
111026 Q0 4497909 0
111026 Q0 5134677 0
111026 Q0 4596543 0
111026 Q0 2997805 1
111026 Q0 2478005 1
111026 Q0 7194808 0
111026 Q0 6228951 0
111026 Q0 5398596 0
111026 Q0 458374 2
111026 Q0 4954271 0
111026 Q0 3239414 0
111026 Q0 3228062 1
111026 Q0 1942584 0
111026 Q0 7263333 0
111026 Q0 2408039 0
111026 Q0 7862857 0
111026 Q0 458367 1
111026 Q0 3422028 0
111026 Q0 3464249 0
111026 Q0 5917916 0
111026 Q0 4363849 0
111026 Q0 6048915 0
111026 Q0 4516709 2
111026 Q0 7215926 0
111026 Q0 1359343 0
111026 Q0 4093036 0
111026 Q0 793599 0
111026 Q0 1335329 0
111026 Q0 2564315 0
111026 Q0 5824489 0
111026 Q0 6271038 0
111026 Q0 4697486 0
110992 Q0 7637302 3
110992 Q0 6621366 2
110992 Q0 687830 2
110992 Q0 2774379 3
110992 Q0 1851372 3
110992 Q0 355036 3
110992 Q0 799574 3
110992 Q0 7995724 1
110992 Q0 3069652 1
110992 Q0 5256646 2
110992 Q0 687828 1
110992 Q0 1291584 3
110992 Q0 842436 1
110992 Q0 1851371 3
110992 Q0 5256650 3
110992 Q0 97872 1
110992 Q0 7111921 3
110992 Q0 492805 1
110992 Q0 2134477 3
110992 Q0 2774375 3
110992 Q0 8764515 3
110992 Q0 112900 1
110992 Q0 1727667 3
110992 Q0 151588 2
110992 Q0 7421745 3
110992 Q0 6048385 2
110992 Q0 1851366 1
110992 Q0 7613740 3
110992 Q0 2235437 3
110992 Q0 2394802 0
110992 Q0 4725477 1
110992 Q0 7712323 1
1245295473 Q0 6632629 0
1245295473 Q0 1261001 0
1245295473 Q0 1120945 2
1245295473 Q0 5386265 3
1245295473 Q0 2288691 2
1245295473 Q0 5354973 0
1245295473 Q0 4244361 3
1245295473 Q0 6068322 3
1245295473 Q0 150472 3
1245295473 Q0 3058085 0
1245295473 Q0 2737045 0
1245295473 Q0 5965973 2
1245295473 Q0 6114360 0
1245295473 Q0 8105442 2
1245295473 Q0 5338673 0
1245295473 Q0 1120948 2
1245295473 Q0 1414751 0
1245295473 Q0 4367469 0
1245295473 Q0 4244357 3
1245295473 Q0 6911998 0
1245295473 Q0 1424827 0
1245295473 Q0 6809641 0
1245295473 Q0 4847677 1
1245295473 Q0 1472162 0
1245295473 Q0 4700404 2
1245295473 Q0 7567111 0
1245295473 Q0 2455268 3
1245295473 Q0 1381962 0
1245295473 Q0 1041759 2
1245295473 Q0 8599196 0
1245295473 Q0 4993830 3
1245295473 Q0 2220437 0
1245295473 Q0 1147809 0
1245295473 Q0 6428671 3
1245295473 Q0 1242313 3
1245295473 Q0 8599201 0
1245295473 Q0 5380472 0
1245295473 Q0 1785762 0
1245295473 Q0 8247263 0
1245295473 Q0 6114359 0
1245295473 Q0 1393950 0
1245295473 Q0 2615722 3
1245295473 Q0 2049869 0
1245295473 Q0 5673282 3
1245295473 Q0 3239817 0
1245295473 Q0 5380474 0
1245295473 Q0 1147811 0
1245295473 Q0 7734242 0
1245295473 Q0 2288696 2
1245295473 Q0 5449760 0
1245295473 Q0 2049874 0
1245295473 Q0 1983859 0
1245295473 Q0 4330683 3
1245295473 Q0 4696936 0
1245295473 Q0 1606419 0
1245295473 Q0 4948474 0
1245295473 Q0 7524340 0
1245295473 Q0 1338568 0
1245295473 Q0 5667477 2
1245295473 Q0 3427102 0
1245295473 Q0 4299333 0
1245295473 Q0 5970503 0
1245295473 Q0 1624275 0
1245295473 Q0 4546461 0
1245295473 Q0 2049872 0
1245295473 Q0 4535522 0
1245295473 Q0 1717581 3
1245295473 Q0 1770259 0
1245295473 Q0 8154817 0
1245295473 Q0 1051613 1
1245295473 Q0 7744840 3
1245295473 Q0 485801 3
1245295473 Q0 3528256 0
1245295473 Q0 3284603 0
1245295473 Q0 2230830 0
1245295473 Q0 6199458 0
1245295473 Q0 6194576 3
1245295473 Q0 1605952 0
1245295473 Q0 3404303 3
1245295473 Q0 2615720 2
1245295473 Q0 2426124 0
1245295473 Q0 4570151 0
1245295473 Q0 7211423 0
1245295473 Q0 14955 0
1245295473 Q0 1743853 0
1245295473 Q0 2973276 0
1245295473 Q0 3508659 0
1245295473 Q0 3636076 0
1245295473 Q0 5944248 3
104345 Q0 5087530 0
104345 Q0 3436659 1
104345 Q0 2733225 1
104345 Q0 8033135 0
104345 Q0 8160064 0
104345 Q0 7223925 0
104345 Q0 6298054 3
104345 Q0 3150081 0
104345 Q0 5685434 2
104345 Q0 6998011 0
104345 Q0 2161117 0
104345 Q0 5443445 0
104345 Q0 2789289 0
104345 Q0 8648591 2
104345 Q0 6313843 3
104345 Q0 5970849 0
104345 Q0 6298057 2
104345 Q0 6745101 0
104345 Q0 2733227 2
104345 Q0 8502803 0
104345 Q0 8160062 0
104345 Q0 4491227 0
104345 Q0 720070 1
104345 Q0 2524581 1
104345 Q0 1220639 0
104345 Q0 6558102 0
104345 Q0 1844572 0
104345 Q0 4665810 0
104345 Q0 1543085 0
104345 Q0 1157706 0
104345 Q0 5975715 0
104345 Q0 8627661 0
104345 Q0 2600995 0
104345 Q0 2472801 0
104345 Q0 2524578 2
104345 Q0 6298059 2
104345 Q0 7799828 0
104345 Q0 6676327 0
104345 Q0 5239196 0
104345 Q0 6313849 2
104345 Q0 1570705 0
104345 Q0 5685436 0
104345 Q0 4495840 0
104345 Q0 2733226 2
104345 Q0 6558100 0
104345 Q0 7544331 0
104345 Q0 529150 0
104345 Q0 8627983 0
104345 Q0 4560988 0
104345 Q0 4964547 0
104345 Q0 2699931 1
104345 Q0 1489739 0
104345 Q0 6298062 3
104345 Q0 6298055 2
104345 Q0 5373842 0
104345 Q0 6274974 0
104345 Q0 5239189 0
104345 Q0 4695215 0
104345 Q0 7439681 2
104345 Q0 3464149 0
104345 Q0 4491226 0
104345 Q0 7013821 0
104345 Q0 831919 1
104345 Q0 2313857 0
104345 Q0 3431999 0
104345 Q0 6274973 0
104345 Q0 6998009 0
104345 Q0 6298060 1
99431 Q0 7507970 2
99431 Q0 292688 3
99431 Q0 6200745 0
99431 Q0 8064133 1
99431 Q0 4409963 0
99431 Q0 2066005 0
99431 Q0 1687704 1
99431 Q0 7906946 0
99431 Q0 6871270 3
99431 Q0 1982444 0
99431 Q0 4223515 2
99431 Q0 1431218 0
99431 Q0 8562509 0
99431 Q0 2149010 0
99431 Q0 5224194 0
99431 Q0 6885789 1
99431 Q0 2666104 0
99431 Q0 3708054 0
99431 Q0 2887975 0
99431 Q0 7279097 0
99431 Q0 6543190 0
99431 Q0 8499580 2
99431 Q0 6871273 3
99431 Q0 1246362 0
99431 Q0 3999987 0
99431 Q0 3371776 2
99431 Q0 3047454 0
99431 Q0 6885794 3
99431 Q0 1153616 0
99431 Q0 4770074 0
99431 Q0 406159 0
99431 Q0 3075682 0
99431 Q0 3135862 2
99431 Q0 3070204 0
99431 Q0 2950872 0
99431 Q0 7279099 0
99431 Q0 5634441 0
99431 Q0 3070202 0
99431 Q0 2391932 0
99431 Q0 8486595 0
99431 Q0 6885525 1
99431 Q0 7337226 0
99431 Q0 3846668 0
99431 Q0 5796065 0
99431 Q0 7637164 2
99431 Q0 6543193 0
99431 Q0 3070203 0
99431 Q0 1197241 0
99431 Q0 1271372 0
99431 Q0 6471314 0
99431 Q0 5894052 0
99431 Q0 2192618 0
99431 Q0 8705986 0
99431 Q0 7456095 2
99431 Q0 1271365 0
99431 Q0 4539539 0
99431 Q0 6871268 3
99431 Q0 4660113 0
99431 Q0 5631991 0
99431 Q0 1271368 0
99431 Q0 2815859 0
99431 Q0 1271369 0
99431 Q0 470316 2
99431 Q0 5223911 0
99431 Q0 6871272 3
99431 Q0 4143470 0
99431 Q0 2559498 0
99431 Q0 8019016 2
99431 Q0 984117 0
99431 Q0 4650713 1
99431 Q0 3817458 2
99431 Q0 7456101 1
99431 Q0 5591452 0
99431 Q0 6871267 2
99431 Q0 1246354 0
99431 Q0 8196054 0
99431 Q0 2904394 0
99431 Q0 37407 0
99478 Q0 848065 3
99478 Q0 7709907 2
99478 Q0 6846628 2
99478 Q0 3574750 2
99478 Q0 848064 3
99478 Q0 5984461 3
99478 Q0 6365593 0
99478 Q0 2153167 2
99478 Q0 8765391 3
99478 Q0 2473360 3
99478 Q0 7473696 2
99478 Q0 1213346 0
99478 Q0 6481510 2
99478 Q0 7473697 2
99478 Q0 1967845 3
99478 Q0 8085359 2
99478 Q0 3062012 1
99478 Q0 3246486 2
99478 Q0 3062008 1
99478 Q0 3062009 1
99478 Q0 4625981 2
99478 Q0 5004391 0
99478 Q0 5984460 2
99478 Q0 4742010 2
99478 Q0 5811492 2
99478 Q0 5984458 2
99478 Q0 4742013 2
99478 Q0 7425743 3
99478 Q0 7301948 0
99478 Q0 4495495 0
99478 Q0 3246494 2
99478 Q0 3062004 1
99478 Q0 629353 2
103973 Q0 7182224 1
103973 Q0 7314327 0
103973 Q0 5775449 3
103973 Q0 3459464 0
103973 Q0 6236943 0
103973 Q0 6427650 0
103973 Q0 6319330 0
103973 Q0 3946635 0
103973 Q0 6084586 0
103973 Q0 7985401 0
103973 Q0 5316520 0
103973 Q0 6319331 0
103973 Q0 3531470 3
103973 Q0 4397029 1
103973 Q0 6014826 0
103973 Q0 3149090 0
103973 Q0 815848 2
103973 Q0 7370718 2
103973 Q0 156297 0
103973 Q0 5612741 1
103973 Q0 4584556 3
103973 Q0 462551 2
103973 Q0 5328943 0
103973 Q0 653832 2
103973 Q0 7314815 0
103973 Q0 4544547 0
103973 Q0 5651476 0
103973 Q0 121096 1
103973 Q0 6513766 0
103973 Q0 7986250 0
103973 Q0 5536366 0
103973 Q0 7809035 0
103973 Q0 4532000 0
103973 Q0 8280039 0
103973 Q0 6901031 0
103973 Q0 6236940 0
103973 Q0 7982036 0
103973 Q0 7809037 0
103973 Q0 5863761 0
103973 Q0 477492 0
103973 Q0 1494891 2
103973 Q0 3236823 0
103973 Q0 5775451 2
103973 Q0 1281579 0
103973 Q0 815842 2
103973 Q0 1571692 3
103973 Q0 6519255 2
103973 Q0 6650608 0
103973 Q0 5580106 0
103973 Q0 6593834 0
103973 Q0 7940224 0
103973 Q0 1642700 0
103973 Q0 6006089 0
103973 Q0 2397569 0
103973 Q0 8641145 0
103973 Q0 1950881 0
103973 Q0 1096993 0
103973 Q0 4523775 0
103973 Q0 5501671 0
103973 Q0 3116744 0
103973 Q0 2158981 0
103973 Q0 7983772 1
103973 Q0 5788400 0
103973 Q0 6106198 0
103973 Q0 6529491 0
103973 Q0 4187460 0
103973 Q0 6730815 0
103973 Q0 5749671 0
103973 Q0 4584559 2
103973 Q0 6258606 0
103973 Q0 8570348 0
103973 Q0 1294682 1
103973 Q0 8774867 0
104107 Q0 744524 2
104107 Q0 744528 2
104107 Q0 3199950 1
104107 Q0 1550574 2
104107 Q0 1550575 2
104107 Q0 3361217 1
104107 Q0 5363767 2
104107 Q0 6437082 0
104107 Q0 4801222 1
104107 Q0 3740674 0
104107 Q0 2413497 3
104107 Q0 3361222 0
104107 Q0 373090 2
104107 Q0 1551245 0
104107 Q0 3843539 1
104107 Q0 7858677 1
104107 Q0 8555183 1
104107 Q0 8120858 0
104107 Q0 6456278 1
104107 Q0 7063429 2
104107 Q0 6896147 0
104107 Q0 7373801 2
104107 Q0 5874773 1
104107 Q0 373092 2
104107 Q0 1827394 0
104107 Q0 1747418 2
104107 Q0 6096013 1
104107 Q0 1976769 1
104107 Q0 781124 0
104107 Q0 2806152 1
104107 Q0 8523588 0
104107 Q0 2901519 2
104107 Q0 5564049 0
104107 Q0 6731158 0
104107 Q0 8523586 0
104107 Q0 1335685 0
104107 Q0 8528525 0
104107 Q0 3199949 1
104107 Q0 744532 1
104107 Q0 1550579 2
104107 Q0 7444116 2
104107 Q0 3557120 2
104107 Q0 2901520 2
104107 Q0 8557196 0
104107 Q0 3175034 0
104107 Q0 1922172 2
104107 Q0 7773619 1
104107 Q0 7600326 0
104107 Q0 7309438 0
104107 Q0 846117 1
104107 Q0 3199947 1
104107 Q0 6096017 1
104107 Q0 3691703 0
104107 Q0 6239994 1
104107 Q0 6531621 0
104107 Q0 3199953 0
104107 Q0 7444125 1
104107 Q0 8426695 1
111043 Q0 74117 3
111043 Q0 8774259 0
111043 Q0 6700847 3
111043 Q0 7933130 0
111043 Q0 1374962 0
111043 Q0 6262002 2
111043 Q0 943242 3
111043 Q0 658678 0
111043 Q0 3397750 0
111043 Q0 2961585 3
111043 Q0 74111 3
111043 Q0 6448945 0
111043 Q0 1721911 2
111043 Q0 6262011 2
111043 Q0 5300033 0
111043 Q0 3397748 0
111043 Q0 8100956 0
111043 Q0 8736572 1
111043 Q0 2622117 0
111043 Q0 362822 0
111043 Q0 74116 0
111043 Q0 8561034 0
111043 Q0 7575409 0
111043 Q0 7855014 0
111043 Q0 6700844 3
111043 Q0 4808204 0
111043 Q0 3140601 2
111043 Q0 7035785 0
111043 Q0 724288 0
111043 Q0 1721909 2
111043 Q0 4339742 0
111043 Q0 352025 0
111043 Q0 7353786 3
111043 Q0 2084388 3
111043 Q0 8341409 0
111043 Q0 2238237 0
111043 Q0 3140595 1
111043 Q0 694503 3
111043 Q0 4006362 0
111043 Q0 6366375 3
111043 Q0 7443044 0
111043 Q0 8832651 0
111043 Q0 1502076 0
111043 Q0 1271024 0
111043 Q0 7250037 3
111043 Q0 6812548 3
111043 Q0 1246000 0
111043 Q0 6613144 0
111043 Q0 497234 0
111043 Q0 5117772 3
111043 Q0 4391908 0
111043 Q0 6190063 0
111043 Q0 4298541 0
111043 Q0 8528137 0
111043 Q0 6700851 3
111043 Q0 1374956 0
111043 Q0 694507 3
111043 Q0 4153338 0
111043 Q0 6812552 3
111043 Q0 691598 3
111043 Q0 2596909 0
111043 Q0 6416084 0
111043 Q0 8431733 0
111043 Q0 8660030 0
111043 Q0 2305051 1
111043 Q0 1726745 0
111043 Q0 5533042 0
111043 Q0 2084394 3
111043 Q0 3397742 0
111043 Q0 3311409 0
111043 Q0 16299 0
111043 Q0 6865881 3
111043 Q0 755121 0
111043 Q0 8560433 0
111043 Q0 7581675 3
111043 Q0 1726749 0
111043 Q0 2013653 3
111043 Q0 5166931 0
111043 Q0 2084391 3
111043 Q0 7546383 0
111043 Q0 664433 0
111043 Q0 2313684 1
111043 Q0 1555315 0
104047 Q0 1227184 2
104047 Q0 5678770 3
104047 Q0 2029810 3
104047 Q0 5467386 2
104047 Q0 5487388 2
104047 Q0 8293935 1
104047 Q0 2170117 3
104047 Q0 5710500 0
104047 Q0 5749010 1
104047 Q0 5778131 2
104047 Q0 5893492 1
104047 Q0 4633787 1
104047 Q0 5487385 2
104047 Q0 5678774 1
104047 Q0 4268285 1
104047 Q0 1901275 0
104047 Q0 5004153 2
104047 Q0 1669870 1
104047 Q0 5593475 0
104047 Q0 2170118 2
104047 Q0 166853 2
104047 Q0 5592597 1
104047 Q0 2968065 2
104047 Q0 8297449 1
104047 Q0 1901276 0
104047 Q0 5593473 1
104047 Q0 8271112 1
104047 Q0 2170121 1
104047 Q0 5706269 1
104047 Q0 274685 0
104047 Q0 5854661 0
104047 Q0 4450667 0
104047 Q0 5004157 2
104047 Q0 125618 0
104047 Q0 6447481 2
104047 Q0 6393275 0
104047 Q0 2435801 0
104047 Q0 7370690 0
104047 Q0 1509504 0
104047 Q0 8271114 1
104047 Q0 1509503 0
104047 Q0 1773772 1
104047 Q0 7093133 0
104047 Q0 56985 0
104047 Q0 2332212 0
104047 Q0 5748194 0
104047 Q0 5884925 0
104047 Q0 4456437 0
104047 Q0 2263578 1
104047 Q0 4425183 0
104047 Q0 3214319 1
104047 Q0 2422701 0
104047 Q0 2267059 0
104047 Q0 7352421 0
104047 Q0 6393276 1
104047 Q0 7352424 1
104047 Q0 2563619 0
104047 Q0 5198027 1
104047 Q0 5327598 0
104047 Q0 6555575 0
104047 Q0 6447486 1
104047 Q0 6240195 0
104047 Q0 8317168 1
104047 Q0 5593474 3
104047 Q0 7411228 0
104047 Q0 7470462 0
104047 Q0 5695574 0
104047 Q0 5748197 0
104047 Q0 2949111 0
110999 Q0 464222 3
110999 Q0 2071935 1
110999 Q0 8380467 0
110999 Q0 1651596 0
110999 Q0 6958226 0
110999 Q0 6890115 1
110999 Q0 7969937 0
110999 Q0 6622222 1
110999 Q0 1894408 1
110999 Q0 2904785 0
110999 Q0 8476893 0
110999 Q0 169073 0
110999 Q0 8581734 0
110999 Q0 614377 0
110999 Q0 1111278 0
110999 Q0 6060553 0
110999 Q0 1985345 0
110999 Q0 1067724 1
110999 Q0 8380474 0
110999 Q0 6704025 0
110999 Q0 3424176 1
110999 Q0 2071934 1
110999 Q0 6366229 0
110999 Q0 1651600 0
110999 Q0 1894404 0
110999 Q0 2351849 0
110999 Q0 462225 0
110999 Q0 2112611 0
110999 Q0 6622225 1
110999 Q0 2370819 0
110999 Q0 7427449 0
110999 Q0 6039627 0
110999 Q0 7484520 0
110999 Q0 2071930 1
110999 Q0 2359653 0
110999 Q0 1894410 0
110999 Q0 5858480 0
110999 Q0 4396272 0
110999 Q0 1894412 0
110999 Q0 1474877 0
110999 Q0 5428383 0
110999 Q0 614379 0
110999 Q0 6313420 0
110999 Q0 6622221 1
110999 Q0 5589905 0
110999 Q0 6949099 0
110999 Q0 5296824 0
110999 Q0 20075 0
110999 Q0 2071931 1
110999 Q0 1638118 0
110999 Q0 5564590 0
110999 Q0 3183331 0
110999 Q0 6691126 1
110999 Q0 7694835 0
110999 Q0 464224 1
110999 Q0 1149020 0
110999 Q0 1525977 0
110999 Q0 879405 1
110999 Q0 997963 0
110999 Q0 7493499 0
110999 Q0 285894 0
110999 Q0 6622223 1
110999 Q0 6890111 1
110999 Q0 2409089 0
110999 Q0 3817264 0
110999 Q0 1567584 0
110999 Q0 1635687 0
110999 Q0 8736138 0
110999 Q0 6249757 0
110999 Q0 464228 0
110999 Q0 462224 0
110999 Q0 7138532 0
110999 Q0 1027800 0
110999 Q0 2203984 0
110999 Q0 307673 0
111024 Q0 798031 1
111024 Q0 1945653 2
111024 Q0 5990676 1
111024 Q0 403860 2
111024 Q0 1048827 2
111024 Q0 1430155 0
111024 Q0 7598819 1
111024 Q0 6652616 2
111024 Q0 6242980 0
111024 Q0 3098315 1
111024 Q0 1945651 1
111024 Q0 8481362 0
111024 Q0 6262091 1
111024 Q0 4408162 1
111024 Q0 2158736 1
111024 Q0 6648641 0
111024 Q0 232330 1
111024 Q0 3797201 2
111024 Q0 4795936 0
111024 Q0 3792301 3
111024 Q0 6243199 0
111024 Q0 8267145 1
111024 Q0 6242975 1
111024 Q0 2637764 1
111024 Q0 7598820 1
111024 Q0 4790505 1
111024 Q0 455991 0
111024 Q0 3058085 0
111024 Q0 411759 3
111024 Q0 668035 1
111024 Q0 1560983 0
111024 Q0 7342492 0
111024 Q0 4408520 2
111024 Q0 2329157 0
111024 Q0 7754528 2
111024 Q0 5990680 1
111024 Q0 1240616 0
111024 Q0 2166768 1
111024 Q0 4790503 1
111024 Q0 4279624 2
111024 Q0 2737045 0
111024 Q0 8555249 0
111024 Q0 2261727 3
111024 Q0 6809641 0
111024 Q0 2248471 0
111024 Q0 6707053 1
111024 Q0 5981555 1
111024 Q0 1147809 0
111024 Q0 5110619 2
111024 Q0 2275507 0
111024 Q0 5685656 1
111024 Q0 5112532 0
111024 Q0 1323717 1
111024 Q0 3315704 2
111024 Q0 6924264 1
111024 Q0 2893535 1
111024 Q0 8758165 1
111024 Q0 1147811 0
111024 Q0 4325702 1
111024 Q0 1943514 1
111024 Q0 2113806 2
111024 Q0 1606419 0
111024 Q0 5990679 2
103941 Q0 1839716 0
103941 Q0 2119707 1
103941 Q0 3709714 1
103941 Q0 7122688 2
103941 Q0 3607207 0
103941 Q0 2119699 2
103941 Q0 2281926 1
103941 Q0 3267259 0
103941 Q0 3709716 1
103941 Q0 2223434 0
103941 Q0 3190987 0
103941 Q0 2281925 1
103941 Q0 3259190 3
103941 Q0 5505106 2
103941 Q0 8064804 0
103941 Q0 8203408 2
103941 Q0 3076530 1
103941 Q0 5444807 0
103941 Q0 2119701 0
103941 Q0 2533852 1
103941 Q0 4715747 0
103941 Q0 3779977 2
103941 Q0 8064803 0
103941 Q0 6494014 2
103941 Q0 3632176 2
103941 Q0 2063640 1
103941 Q0 6395536 0
103941 Q0 7823410 0
103941 Q0 2063645 1
103941 Q0 8024140 2
103941 Q0 2365100 3
103941 Q0 2149645 2
103941 Q0 5962452 0
103941 Q0 6973210 1
103941 Q0 4818273 0
103941 Q0 1346544 2
103941 Q0 5444811 0
103941 Q0 2533854 2
103941 Q0 3709710 1
103941 Q0 8774271 1
103941 Q0 3709717 2
103941 Q0 3045325 2
103941 Q0 3076527 2
103941 Q0 7369000 2
103941 Q0 2278086 0
103941 Q0 3709709 1
103941 Q0 5833283 0
103941 Q0 3288314 0
103941 Q0 2106116 0
103941 Q0 4799499 0
103941 Q0 1317569 2
103941 Q0 6301468 1
103941 Q0 5833284 0
103941 Q0 4715743 0
103941 Q0 7940189 0
103941 Q0 8064744 0
103941 Q0 7389805 2
103941 Q0 2281930 1
103941 Q0 6973216 0
103941 Q0 2063637 2
103941 Q0 5305004 0
103941 Q0 8064750 0
103941 Q0 1317566 2
103941 Q0 3143420 2
103941 Q0 858065 2
103941 Q0 4700938 0
103941 Q0 3709715 1
103941 Q0 6202840 0
103945 Q0 4090788 2
103945 Q0 5880402 2
103945 Q0 586914 2
103945 Q0 6354978 2
103945 Q0 3778449 0
103945 Q0 8008592 1
103945 Q0 8541376 0
103945 Q0 8827598 0
103945 Q0 138530 2
103945 Q0 138532 2
103945 Q0 4667311 0
103945 Q0 4090793 1
103945 Q0 8541378 0
103945 Q0 138531 3
103945 Q0 3050527 1
103945 Q0 1805936 0
103945 Q0 3050524 3
103945 Q0 774968 0
103945 Q0 3050528 3
103945 Q0 5069758 0
103945 Q0 5124464 0
103945 Q0 4090795 2
103945 Q0 6698410 0
103945 Q0 5880397 1
103945 Q0 1535338 0
103945 Q0 4832872 0
103945 Q0 5369781 3
103945 Q0 6333991 0
103945 Q0 8541377 0
103945 Q0 3129688 0
103945 Q0 138533 3
103945 Q0 8287171 0
103945 Q0 3496124 0
103945 Q0 4090789 2
103945 Q0 138528 2
103945 Q0 4090792 1
103945 Q0 3050523 2
103945 Q0 7038695 1
103945 Q0 5784659 0
103945 Q0 8541379 0
104012 Q0 977396 2
104012 Q0 6741020 1
104012 Q0 4777027 1
104012 Q0 3739129 0
104012 Q0 6428572 0
104012 Q0 1304722 2
104012 Q0 7066986 2
104012 Q0 6741016 2
104012 Q0 7979290 0
104012 Q0 8551819 3
104012 Q0 339014 2
104012 Q0 6568502 1
104012 Q0 2018819 1
104012 Q0 4736679 1
104012 Q0 5928922 0
104012 Q0 6890721 2
104012 Q0 574726 0
104012 Q0 1476895 2
104012 Q0 8333930 0
104012 Q0 854232 0
104012 Q0 1232792 1
104012 Q0 6669689 1
104012 Q0 4526335 1
104012 Q0 6428573 0
104012 Q0 855167 1
104012 Q0 1718787 0
104012 Q0 8011318 0
104012 Q0 6607450 1
104012 Q0 868376 0
104012 Q0 1552236 3
104012 Q0 3357400 0
104012 Q0 692454 0
104012 Q0 2174671 2
104012 Q0 6528337 0
104012 Q0 4186069 2
104012 Q0 8551825 2
104012 Q0 4020716 0
104012 Q0 5726064 2
104012 Q0 4971933 1
104012 Q0 7370890 2
104012 Q0 3699087 0
104012 Q0 2604231 0
104012 Q0 6669688 1
104012 Q0 1239681 0
104012 Q0 5317531 0
104012 Q0 5668226 0
104012 Q0 6051998 2
104012 Q0 6592144 0
104012 Q0 2119432 0
104012 Q0 6123076 2
104012 Q0 2313907 0
104012 Q0 4049689 0
104012 Q0 2842065 0
104012 Q0 685614 1
104012 Q0 817880 1
104012 Q0 6154534 0
104012 Q0 2882702 0
104012 Q0 1001814 0
104012 Q0 4941092 0
104012 Q0 5462155 2
104012 Q0 2172402 2
104012 Q0 2896562 0
104012 Q0 6597379 0
104012 Q0 5425865 1
104012 Q0 7983634 0
104012 Q0 1552243 2
104012 Q0 8008957 0
104012 Q0 5834234 2
104012 Q0 1352791 0
104012 Q0 2248065 0
104012 Q0 5122165 2
104012 Q0 3259972 0
104012 Q0 4399716 0
104012 Q0 5948432 1
104012 Q0 5640162 0
104012 Q0 4728833 2
111002 Q0 1819236 3
111002 Q0 2867460 3
111002 Q0 7030135 3
111002 Q0 4748317 2
111002 Q0 2605018 1
111002 Q0 5014210 2
111002 Q0 2867459 3
111002 Q0 4003646 3
111002 Q0 4993359 3
111002 Q0 5014212 3
111002 Q0 2338102 1
111002 Q0 8084232 2
111002 Q0 645466 1
111002 Q0 1996542 1
111002 Q0 1194046 3
111002 Q0 7446004 0
111002 Q0 7192980 1
111002 Q0 2954098 1
111002 Q0 2147974 0
111002 Q0 4996771 1
111002 Q0 5133772 1
111002 Q0 5510553 1
111002 Q0 3623792 2
111002 Q0 991024 0
111002 Q0 7446005 0
111002 Q0 6618 2
111002 Q0 3997873 1
111002 Q0 3246082 1
111002 Q0 4637318 0
111002 Q0 3623797 2
111002 Q0 4003645 1
111002 Q0 736429 1
111002 Q0 8225688 2
111002 Q0 7673463 3
111002 Q0 5098189 2
111002 Q0 7192977 0
111002 Q0 5605022 2
111002 Q0 6799729 2
111002 Q0 1462914 1
111002 Q0 3203551 2
111002 Q0 5014207 2
111002 Q0 1345759 3
